solid 
 facet normal  0.000000e+00  0.000000e+00 -1.000000e+00
   outer loop
     vertex -7.353911e+01 -7.353911e+01  0.000000e+00
     vertex -7.672109e+01 -7.672109e+01  0.000000e+00
     vertex -7.807826e+01 -7.533947e+01  0.000000e+00
   endloop
 endfacet
 facet normal  0.000000e+00  0.000000e+00 -1.000000e+00
   outer loop
     vertex -7.353911e+01 -7.353911e+01  0.000000e+00
     vertex -7.533947e+01 -7.807826e+01  0.000000e+00
     vertex -7.672109e+01 -7.672109e+01  0.000000e+00
   endloop
 endfacet
 facet normal  0.000000e+00  0.000000e+00 -1.000000e+00
   outer loop
     vertex -7.218372e+01 -7.486996e+01  0.000000e+00
     vertex -7.393385e+01 -7.941056e+01  0.000000e+00
     vertex -7.533947e+01 -7.807826e+01  0.000000e+00
   endloop
 endfacet
 facet normal -0.000000e+00  0.000000e+00 -1.000000e+00
   outer loop
     vertex -7.218372e+01 -7.486996e+01  0.000000e+00
     vertex -7.533947e+01 -7.807826e+01  0.000000e+00
     vertex -7.353911e+01 -7.353911e+01  0.000000e+00
   endloop
 endfacet
 facet normal  0.000000e+00  0.000000e+00 -1.000000e+00
   outer loop
     vertex -7.486996e+01 -7.218372e+01  0.000000e+00
     vertex -7.807826e+01 -7.533947e+01  0.000000e+00
     vertex -7.941056e+01 -7.393385e+01  0.000000e+00
   endloop
 endfacet
 facet normal  0.000000e+00 -0.000000e+00 -1.000000e+00
   outer loop
     vertex -7.486996e+01 -7.218372e+01  0.000000e+00
     vertex -7.353911e+01 -7.353911e+01  0.000000e+00
     vertex -7.807826e+01 -7.533947e+01  0.000000e+00
   endloop
 endfacet
 facet normal  0.000000e+00  0.000000e+00 -1.000000e+00
   outer loop
     vertex -7.080425e+01 -7.617584e+01  0.000000e+00
     vertex -7.250467e+01 -8.071755e+01  0.000000e+00
     vertex -7.393385e+01 -7.941056e+01  0.000000e+00
   endloop
 endfacet
 facet normal -0.000000e+00  0.000000e+00 -1.000000e+00
   outer loop
     vertex -7.080425e+01 -7.617584e+01  0.000000e+00
     vertex -7.393385e+01 -7.941056e+01  0.000000e+00
     vertex -7.218372e+01 -7.486996e+01  0.000000e+00
   endloop
 endfacet
 facet normal  0.000000e+00  0.000000e+00 -1.000000e+00
   outer loop
     vertex -7.617584e+01 -7.080425e+01  0.000000e+00
     vertex -7.941056e+01 -7.393385e+01  0.000000e+00
     vertex -8.071755e+01 -7.250467e+01  0.000000e+00
   endloop
 endfacet
 facet normal  0.000000e+00 -0.000000e+00 -1.000000e+00
   outer loop
     vertex -7.617584e+01 -7.080425e+01  0.000000e+00
     vertex -7.486996e+01 -7.218372e+01  0.000000e+00
     vertex -7.941056e+01 -7.393385e+01  0.000000e+00
   endloop
 endfacet
 facet normal  0.000000e+00  0.000000e+00 -1.000000e+00
   outer loop
     vertex -6.940116e+01 -7.745631e+01  0.000000e+00
     vertex -7.105239e+01 -8.199883e+01  0.000000e+00
     vertex -7.250467e+01 -8.071755e+01  0.000000e+00
   endloop
 endfacet
 facet normal -0.000000e+00  0.000000e+00 -1.000000e+00
   outer loop
     vertex -6.940116e+01 -7.745631e+01  0.000000e+00
     vertex -7.250467e+01 -8.071755e+01  0.000000e+00
     vertex -7.080425e+01 -7.617584e+01  0.000000e+00
   endloop
 endfacet
 facet normal  0.000000e+00  0.000000e+00 -1.000000e+00
   outer loop
     vertex -7.745631e+01 -6.940116e+01  0.000000e+00
     vertex -8.071755e+01 -7.250467e+01  0.000000e+00
     vertex -8.199883e+01 -7.105239e+01  0.000000e+00
   endloop
 endfacet
 facet normal  0.000000e+00 -0.000000e+00 -1.000000e+00
   outer loop
     vertex -7.745631e+01 -6.940116e+01  0.000000e+00
     vertex -7.617584e+01 -7.080425e+01  0.000000e+00
     vertex -8.071755e+01 -7.250467e+01  0.000000e+00
   endloop
 endfacet
 facet normal  0.000000e+00  0.000000e+00 -1.000000e+00
   outer loop
     vertex -6.797491e+01 -7.871093e+01  0.000000e+00
     vertex -6.957747e+01 -8.325398e+01  0.000000e+00
     vertex -7.105239e+01 -8.199883e+01  0.000000e+00
   endloop
 endfacet
 facet normal -0.000000e+00  0.000000e+00 -1.000000e+00
   outer loop
     vertex -6.797491e+01 -7.871093e+01  0.000000e+00
     vertex -7.105239e+01 -8.199883e+01  0.000000e+00
     vertex -6.940116e+01 -7.745631e+01  0.000000e+00
   endloop
 endfacet
 facet normal  0.000000e+00  0.000000e+00 -1.000000e+00
   outer loop
     vertex -7.871093e+01 -6.797491e+01  0.000000e+00
     vertex -8.199883e+01 -7.105239e+01  0.000000e+00
     vertex -8.325398e+01 -6.957747e+01  0.000000e+00
   endloop
 endfacet
 facet normal  0.000000e+00 -0.000000e+00 -1.000000e+00
   outer loop
     vertex -7.871093e+01 -6.797491e+01  0.000000e+00
     vertex -7.745631e+01 -6.940116e+01  0.000000e+00
     vertex -8.199883e+01 -7.105239e+01  0.000000e+00
   endloop
 endfacet
 facet normal  0.000000e+00  0.000000e+00 -1.000000e+00
   outer loop
     vertex -6.652599e+01 -7.993930e+01  0.000000e+00
     vertex -6.808039e+01 -8.448261e+01  0.000000e+00
     vertex -6.957747e+01 -8.325398e+01  0.000000e+00
   endloop
 endfacet
 facet normal -0.000000e+00  0.000000e+00 -1.000000e+00
   outer loop
     vertex -6.652599e+01 -7.993930e+01  0.000000e+00
     vertex -6.957747e+01 -8.325398e+01  0.000000e+00
     vertex -6.797491e+01 -7.871093e+01  0.000000e+00
   endloop
 endfacet
 facet normal  0.000000e+00  0.000000e+00 -1.000000e+00
   outer loop
     vertex -7.993930e+01 -6.652599e+01  0.000000e+00
     vertex -8.325398e+01 -6.957747e+01  0.000000e+00
     vertex -8.448261e+01 -6.808039e+01  0.000000e+00
   endloop
 endfacet
 facet normal  0.000000e+00 -0.000000e+00 -1.000000e+00
   outer loop
     vertex -7.993930e+01 -6.652599e+01  0.000000e+00
     vertex -7.871093e+01 -6.797491e+01  0.000000e+00
     vertex -8.325398e+01 -6.957747e+01  0.000000e+00
   endloop
 endfacet
 facet normal  0.000000e+00  0.000000e+00 -1.000000e+00
   outer loop
     vertex -6.505488e+01 -8.114100e+01  0.000000e+00
     vertex -6.656161e+01 -8.568432e+01  0.000000e+00
     vertex -6.808039e+01 -8.448261e+01  0.000000e+00
   endloop
 endfacet
 facet normal -0.000000e+00  0.000000e+00 -1.000000e+00
   outer loop
     vertex -6.505488e+01 -8.114100e+01  0.000000e+00
     vertex -6.808039e+01 -8.448261e+01  0.000000e+00
     vertex -6.652599e+01 -7.993930e+01  0.000000e+00
   endloop
 endfacet
 facet normal  0.000000e+00  0.000000e+00 -1.000000e+00
   outer loop
     vertex -8.114100e+01 -6.505488e+01  0.000000e+00
     vertex -8.448261e+01 -6.808039e+01  0.000000e+00
     vertex -8.568432e+01 -6.656161e+01  0.000000e+00
   endloop
 endfacet
 facet normal  0.000000e+00 -0.000000e+00 -1.000000e+00
   outer loop
     vertex -8.114100e+01 -6.505488e+01  0.000000e+00
     vertex -7.993930e+01 -6.652599e+01  0.000000e+00
     vertex -8.448261e+01 -6.808039e+01  0.000000e+00
   endloop
 endfacet
 facet normal -0.000000e+00  0.000000e+00 -1.000000e+00
   outer loop
     vertex -6.356207e+01 -8.231563e+01  0.000000e+00
     vertex -6.656161e+01 -8.568432e+01  0.000000e+00
     vertex -6.505488e+01 -8.114100e+01  0.000000e+00
   endloop
 endfacet
 facet normal  0.000000e+00  0.000000e+00 -1.000000e+00
   outer loop
     vertex -6.356207e+01 -8.231563e+01  0.000000e+00
     vertex -6.502163e+01 -8.685872e+01  0.000000e+00
     vertex -6.656161e+01 -8.568432e+01  0.000000e+00
   endloop
 endfacet
 facet normal  0.000000e+00 -0.000000e+00 -1.000000e+00
   outer loop
     vertex -8.231563e+01 -6.356207e+01  0.000000e+00
     vertex -8.114100e+01 -6.505488e+01  0.000000e+00
     vertex -8.568432e+01 -6.656161e+01  0.000000e+00
   endloop
 endfacet
 facet normal  0.000000e+00  0.000000e+00 -1.000000e+00
   outer loop
     vertex -8.231563e+01 -6.356207e+01  0.000000e+00
     vertex -8.568432e+01 -6.656161e+01  0.000000e+00
     vertex -8.685872e+01 -6.502163e+01  0.000000e+00
   endloop
 endfacet
 facet normal  0.000000e+00  0.000000e+00 -1.000000e+00
   outer loop
     vertex -6.204805e+01 -8.346281e+01  0.000000e+00
     vertex -6.346093e+01 -8.800546e+01  0.000000e+00
     vertex -6.502163e+01 -8.685872e+01  0.000000e+00
   endloop
 endfacet
 facet normal -0.000000e+00  0.000000e+00 -1.000000e+00
   outer loop
     vertex -6.204805e+01 -8.346281e+01  0.000000e+00
     vertex -6.502163e+01 -8.685872e+01  0.000000e+00
     vertex -6.356207e+01 -8.231563e+01  0.000000e+00
   endloop
 endfacet
 facet normal  0.000000e+00  0.000000e+00 -1.000000e+00
   outer loop
     vertex -8.346281e+01 -6.204805e+01  0.000000e+00
     vertex -8.685872e+01 -6.502163e+01  0.000000e+00
     vertex -8.800546e+01 -6.346093e+01  0.000000e+00
   endloop
 endfacet
 facet normal  0.000000e+00 -0.000000e+00 -1.000000e+00
   outer loop
     vertex -8.346281e+01 -6.204805e+01  0.000000e+00
     vertex -8.231563e+01 -6.356207e+01  0.000000e+00
     vertex -8.685872e+01 -6.502163e+01  0.000000e+00
   endloop
 endfacet
 facet normal  0.000000e+00  0.000000e+00 -1.000000e+00
   outer loop
     vertex -6.051333e+01 -8.458213e+01  0.000000e+00
     vertex -6.188001e+01 -8.912415e+01  0.000000e+00
     vertex -6.346093e+01 -8.800546e+01  0.000000e+00
   endloop
 endfacet
 facet normal -0.000000e+00  0.000000e+00 -1.000000e+00
   outer loop
     vertex -6.051333e+01 -8.458213e+01  0.000000e+00
     vertex -6.346093e+01 -8.800546e+01  0.000000e+00
     vertex -6.204805e+01 -8.346281e+01  0.000000e+00
   endloop
 endfacet
 facet normal  0.000000e+00  0.000000e+00 -1.000000e+00
   outer loop
     vertex -8.458213e+01 -6.051333e+01  0.000000e+00
     vertex -8.800546e+01 -6.346093e+01  0.000000e+00
     vertex -8.912415e+01 -6.188001e+01  0.000000e+00
   endloop
 endfacet
 facet normal  0.000000e+00 -0.000000e+00 -1.000000e+00
   outer loop
     vertex -8.458213e+01 -6.051333e+01  0.000000e+00
     vertex -8.346281e+01 -6.204805e+01  0.000000e+00
     vertex -8.800546e+01 -6.346093e+01  0.000000e+00
   endloop
 endfacet
 facet normal  0.000000e+00  0.000000e+00 -1.000000e+00
   outer loop
     vertex -5.895842e+01 -8.567324e+01  0.000000e+00
     vertex -6.027937e+01 -9.021445e+01  0.000000e+00
     vertex -6.188001e+01 -8.912415e+01  0.000000e+00
   endloop
 endfacet
 facet normal -0.000000e+00  0.000000e+00 -1.000000e+00
   outer loop
     vertex -5.895842e+01 -8.567324e+01  0.000000e+00
     vertex -6.188001e+01 -8.912415e+01  0.000000e+00
     vertex -6.051333e+01 -8.458213e+01  0.000000e+00
   endloop
 endfacet
 facet normal  0.000000e+00  0.000000e+00 -1.000000e+00
   outer loop
     vertex -8.567324e+01 -5.895842e+01  0.000000e+00
     vertex -8.912415e+01 -6.188001e+01  0.000000e+00
     vertex -9.021445e+01 -6.027937e+01  0.000000e+00
   endloop
 endfacet
 facet normal  0.000000e+00 -0.000000e+00 -1.000000e+00
   outer loop
     vertex -8.567324e+01 -5.895842e+01  0.000000e+00
     vertex -8.458213e+01 -6.051333e+01  0.000000e+00
     vertex -8.912415e+01 -6.188001e+01  0.000000e+00
   endloop
 endfacet
 facet normal  0.000000e+00  0.000000e+00 -1.000000e+00
   outer loop
     vertex -5.738385e+01 -8.673577e+01  0.000000e+00
     vertex -5.865953e+01 -9.127601e+01  0.000000e+00
     vertex -6.027937e+01 -9.021445e+01  0.000000e+00
   endloop
 endfacet
 facet normal -0.000000e+00  0.000000e+00 -1.000000e+00
   outer loop
     vertex -5.738385e+01 -8.673577e+01  0.000000e+00
     vertex -6.027937e+01 -9.021445e+01  0.000000e+00
     vertex -5.895842e+01 -8.567324e+01  0.000000e+00
   endloop
 endfacet
 facet normal  0.000000e+00  0.000000e+00 -1.000000e+00
   outer loop
     vertex -8.673577e+01 -5.738385e+01  0.000000e+00
     vertex -9.021445e+01 -6.027937e+01  0.000000e+00
     vertex -9.127601e+01 -5.865953e+01  0.000000e+00
   endloop
 endfacet
 facet normal  0.000000e+00 -0.000000e+00 -1.000000e+00
   outer loop
     vertex -8.673577e+01 -5.738385e+01  0.000000e+00
     vertex -8.567324e+01 -5.895842e+01  0.000000e+00
     vertex -9.021445e+01 -6.027937e+01  0.000000e+00
   endloop
 endfacet
 facet normal -0.000000e+00  0.000000e+00 -1.000000e+00
   outer loop
     vertex -5.579013e+01 -8.776937e+01  0.000000e+00
     vertex -5.865953e+01 -9.127601e+01  0.000000e+00
     vertex -5.738385e+01 -8.673577e+01  0.000000e+00
   endloop
 endfacet
 facet normal  0.000000e+00  0.000000e+00 -1.000000e+00
   outer loop
     vertex -5.579013e+01 -8.776937e+01  0.000000e+00
     vertex -5.702100e+01 -9.230848e+01  0.000000e+00
     vertex -5.865953e+01 -9.127601e+01  0.000000e+00
   endloop
 endfacet
 facet normal  0.000000e+00  0.000000e+00 -1.000000e+00
   outer loop
     vertex -8.776937e+01 -5.579013e+01  0.000000e+00
     vertex -9.127601e+01 -5.865953e+01  0.000000e+00
     vertex -9.230848e+01 -5.702100e+01  0.000000e+00
   endloop
 endfacet
 facet normal  0.000000e+00 -0.000000e+00 -1.000000e+00
   outer loop
     vertex -8.776937e+01 -5.579013e+01  0.000000e+00
     vertex -8.673577e+01 -5.738385e+01  0.000000e+00
     vertex -9.127601e+01 -5.865953e+01  0.000000e+00
   endloop
 endfacet
 facet normal -0.000000e+00  0.000000e+00 -1.000000e+00
   outer loop
     vertex -5.417780e+01 -8.877368e+01  0.000000e+00
     vertex -5.702100e+01 -9.230848e+01  0.000000e+00
     vertex -5.579013e+01 -8.776937e+01  0.000000e+00
   endloop
 endfacet
 facet normal  0.000000e+00  0.000000e+00 -1.000000e+00
   outer loop
     vertex -5.417780e+01 -8.877368e+01  0.000000e+00
     vertex -5.536430e+01 -9.331155e+01  0.000000e+00
     vertex -5.702100e+01 -9.230848e+01  0.000000e+00
   endloop
 endfacet
 facet normal  0.000000e+00  0.000000e+00 -1.000000e+00
   outer loop
     vertex -8.877368e+01 -5.417780e+01  0.000000e+00
     vertex -9.230848e+01 -5.702100e+01  0.000000e+00
     vertex -9.331155e+01 -5.536430e+01  0.000000e+00
   endloop
 endfacet
 facet normal  0.000000e+00 -0.000000e+00 -1.000000e+00
   outer loop
     vertex -8.877368e+01 -5.417780e+01  0.000000e+00
     vertex -8.776937e+01 -5.579013e+01  0.000000e+00
     vertex -9.230848e+01 -5.702100e+01  0.000000e+00
   endloop
 endfacet
 facet normal -0.000000e+00  0.000000e+00 -1.000000e+00
   outer loop
     vertex -5.254739e+01 -8.974838e+01  0.000000e+00
     vertex -5.536430e+01 -9.331155e+01  0.000000e+00
     vertex -5.417780e+01 -8.877368e+01  0.000000e+00
   endloop
 endfacet
 facet normal  0.000000e+00  0.000000e+00 -1.000000e+00
   outer loop
     vertex -5.254739e+01 -8.974838e+01  0.000000e+00
     vertex -5.368996e+01 -9.428488e+01  0.000000e+00
     vertex -5.536430e+01 -9.331155e+01  0.000000e+00
   endloop
 endfacet
 facet normal  0.000000e+00  0.000000e+00 -1.000000e+00
   outer loop
     vertex -8.974838e+01 -5.254739e+01  0.000000e+00
     vertex -9.331155e+01 -5.536430e+01  0.000000e+00
     vertex -9.428488e+01 -5.368996e+01  0.000000e+00
   endloop
 endfacet
 facet normal  0.000000e+00 -0.000000e+00 -1.000000e+00
   outer loop
     vertex -8.974838e+01 -5.254739e+01  0.000000e+00
     vertex -8.877368e+01 -5.417780e+01  0.000000e+00
     vertex -9.331155e+01 -5.536430e+01  0.000000e+00
   endloop
 endfacet
 facet normal  0.000000e+00  0.000000e+00 -1.000000e+00
   outer loop
     vertex -5.089946e+01 -9.069314e+01  0.000000e+00
     vertex -5.199852e+01 -9.522817e+01  0.000000e+00
     vertex -5.368996e+01 -9.428488e+01  0.000000e+00
   endloop
 endfacet
 facet normal -0.000000e+00  0.000000e+00 -1.000000e+00
   outer loop
     vertex -5.089946e+01 -9.069314e+01  0.000000e+00
     vertex -5.368996e+01 -9.428488e+01  0.000000e+00
     vertex -5.254739e+01 -8.974838e+01  0.000000e+00
   endloop
 endfacet
 facet normal  0.000000e+00  0.000000e+00 -1.000000e+00
   outer loop
     vertex -9.069314e+01 -5.089946e+01  0.000000e+00
     vertex -9.428488e+01 -5.368996e+01  0.000000e+00
     vertex -9.522817e+01 -5.199852e+01  0.000000e+00
   endloop
 endfacet
 facet normal  0.000000e+00 -0.000000e+00 -1.000000e+00
   outer loop
     vertex -9.069314e+01 -5.089946e+01  0.000000e+00
     vertex -8.974838e+01 -5.254739e+01  0.000000e+00
     vertex -9.428488e+01 -5.368996e+01  0.000000e+00
   endloop
 endfacet
 facet normal -0.000000e+00  0.000000e+00 -1.000000e+00
   outer loop
     vertex -4.923454e+01 -9.160764e+01  0.000000e+00
     vertex -5.199852e+01 -9.522817e+01  0.000000e+00
     vertex -5.089946e+01 -9.069314e+01  0.000000e+00
   endloop
 endfacet
 facet normal  0.000000e+00  0.000000e+00 -1.000000e+00
   outer loop
     vertex -4.923454e+01 -9.160764e+01  0.000000e+00
     vertex -5.029050e+01 -9.614112e+01  0.000000e+00
     vertex -5.199852e+01 -9.522817e+01  0.000000e+00
   endloop
 endfacet
 facet normal  0.000000e+00  0.000000e+00 -1.000000e+00
   outer loop
     vertex -9.160764e+01 -4.923454e+01  0.000000e+00
     vertex -9.522817e+01 -5.199852e+01  0.000000e+00
     vertex -9.614112e+01 -5.029050e+01  0.000000e+00
   endloop
 endfacet
 facet normal  0.000000e+00 -0.000000e+00 -1.000000e+00
   outer loop
     vertex -9.160764e+01 -4.923454e+01  0.000000e+00
     vertex -9.069314e+01 -5.089946e+01  0.000000e+00
     vertex -9.522817e+01 -5.199852e+01  0.000000e+00
   endloop
 endfacet
 facet normal  0.000000e+00  0.000000e+00 -1.000000e+00
   outer loop
     vertex -4.755320e+01 -9.249158e+01  0.000000e+00
     vertex -4.856647e+01 -9.702344e+01  0.000000e+00
     vertex -5.029050e+01 -9.614112e+01  0.000000e+00
   endloop
 endfacet
 facet normal -0.000000e+00  0.000000e+00 -1.000000e+00
   outer loop
     vertex -4.755320e+01 -9.249158e+01  0.000000e+00
     vertex -5.029050e+01 -9.614112e+01  0.000000e+00
     vertex -4.923454e+01 -9.160764e+01  0.000000e+00
   endloop
 endfacet
 facet normal  0.000000e+00  0.000000e+00 -1.000000e+00
   outer loop
     vertex -9.249158e+01 -4.755320e+01  0.000000e+00
     vertex -9.614112e+01 -5.029050e+01  0.000000e+00
     vertex -9.702344e+01 -4.856647e+01  0.000000e+00
   endloop
 endfacet
 facet normal  0.000000e+00 -0.000000e+00 -1.000000e+00
   outer loop
     vertex -9.249158e+01 -4.755320e+01  0.000000e+00
     vertex -9.160764e+01 -4.923454e+01  0.000000e+00
     vertex -9.614112e+01 -5.029050e+01  0.000000e+00
   endloop
 endfacet
 facet normal -0.000000e+00  0.000000e+00 -1.000000e+00
   outer loop
     vertex -4.585600e+01 -9.334467e+01  0.000000e+00
     vertex -4.856647e+01 -9.702344e+01  0.000000e+00
     vertex -4.755320e+01 -9.249158e+01  0.000000e+00
   endloop
 endfacet
 facet normal  0.000000e+00  0.000000e+00 -1.000000e+00
   outer loop
     vertex -4.585600e+01 -9.334467e+01  0.000000e+00
     vertex -4.682696e+01 -9.787485e+01  0.000000e+00
     vertex -4.856647e+01 -9.702344e+01  0.000000e+00
   endloop
 endfacet
 facet normal  0.000000e+00  0.000000e+00 -1.000000e+00
   outer loop
     vertex -9.334467e+01 -4.585600e+01  0.000000e+00
     vertex -9.702344e+01 -4.856647e+01  0.000000e+00
     vertex -9.787485e+01 -4.682696e+01  0.000000e+00
   endloop
 endfacet
 facet normal  0.000000e+00 -0.000000e+00 -1.000000e+00
   outer loop
     vertex -9.334467e+01 -4.585600e+01  0.000000e+00
     vertex -9.249158e+01 -4.755320e+01  0.000000e+00
     vertex -9.702344e+01 -4.856647e+01  0.000000e+00
   endloop
 endfacet
 facet normal -0.000000e+00  0.000000e+00 -1.000000e+00
   outer loop
     vertex -4.414350e+01 -9.416662e+01  0.000000e+00
     vertex -4.682696e+01 -9.787485e+01  0.000000e+00
     vertex -4.585600e+01 -9.334467e+01  0.000000e+00
   endloop
 endfacet
 facet normal  0.000000e+00  0.000000e+00 -1.000000e+00
   outer loop
     vertex -4.414350e+01 -9.416662e+01  0.000000e+00
     vertex -4.507253e+01 -9.869507e+01  0.000000e+00
     vertex -4.682696e+01 -9.787485e+01  0.000000e+00
   endloop
 endfacet
 facet normal  0.000000e+00 -0.000000e+00 -1.000000e+00
   outer loop
     vertex -9.416662e+01 -4.414350e+01  0.000000e+00
     vertex -9.334467e+01 -4.585600e+01  0.000000e+00
     vertex -9.787485e+01 -4.682696e+01  0.000000e+00
   endloop
 endfacet
 facet normal  0.000000e+00  0.000000e+00 -1.000000e+00
   outer loop
     vertex -9.416662e+01 -4.414350e+01  0.000000e+00
     vertex -9.787485e+01 -4.682696e+01  0.000000e+00
     vertex -9.869507e+01 -4.507253e+01  0.000000e+00
   endloop
 endfacet
 facet normal -0.000000e+00  0.000000e+00 -1.000000e+00
   outer loop
     vertex -4.241627e+01 -9.495715e+01  0.000000e+00
     vertex -4.507253e+01 -9.869507e+01  0.000000e+00
     vertex -4.414350e+01 -9.416662e+01  0.000000e+00
   endloop
 endfacet
 facet normal  0.000000e+00  0.000000e+00 -1.000000e+00
   outer loop
     vertex -4.241627e+01 -9.495715e+01  0.000000e+00
     vertex -4.330374e+01 -9.948385e+01  0.000000e+00
     vertex -4.507253e+01 -9.869507e+01  0.000000e+00
   endloop
 endfacet
 facet normal  0.000000e+00 -0.000000e+00 -1.000000e+00
   outer loop
     vertex -9.495715e+01 -4.241627e+01  0.000000e+00
     vertex -9.416662e+01 -4.414350e+01  0.000000e+00
     vertex -9.869507e+01 -4.507253e+01  0.000000e+00
   endloop
 endfacet
 facet normal  0.000000e+00  0.000000e+00 -1.000000e+00
   outer loop
     vertex -9.495715e+01 -4.241627e+01  0.000000e+00
     vertex -9.869507e+01 -4.507253e+01  0.000000e+00
     vertex -9.948385e+01 -4.330374e+01  0.000000e+00
   endloop
 endfacet
 facet normal  0.000000e+00  0.000000e+00 -1.000000e+00
   outer loop
     vertex -4.067489e+01 -9.571600e+01  0.000000e+00
     vertex -4.152115e+01 -1.002409e+02  0.000000e+00
     vertex -4.330374e+01 -9.948385e+01  0.000000e+00
   endloop
 endfacet
 facet normal -0.000000e+00  0.000000e+00 -1.000000e+00
   outer loop
     vertex -4.067489e+01 -9.571600e+01  0.000000e+00
     vertex -4.330374e+01 -9.948385e+01  0.000000e+00
     vertex -4.241627e+01 -9.495715e+01  0.000000e+00
   endloop
 endfacet
 facet normal  0.000000e+00 -0.000000e+00 -1.000000e+00
   outer loop
     vertex -9.571600e+01 -4.067489e+01  0.000000e+00
     vertex -9.495715e+01 -4.241627e+01  0.000000e+00
     vertex -9.948385e+01 -4.330374e+01  0.000000e+00
   endloop
 endfacet
 facet normal  0.000000e+00  0.000000e+00 -1.000000e+00
   outer loop
     vertex -9.571600e+01 -4.067489e+01  0.000000e+00
     vertex -9.948385e+01 -4.330374e+01  0.000000e+00
     vertex -1.002409e+02 -4.152115e+01  0.000000e+00
   endloop
 endfacet
 facet normal  0.000000e+00  0.000000e+00 -1.000000e+00
   outer loop
     vertex -3.891994e+01 -9.644293e+01  0.000000e+00
     vertex -3.972534e+01 -1.009661e+02  0.000000e+00
     vertex -4.152115e+01 -1.002409e+02  0.000000e+00
   endloop
 endfacet
 facet normal -0.000000e+00  0.000000e+00 -1.000000e+00
   outer loop
     vertex -3.891994e+01 -9.644293e+01  0.000000e+00
     vertex -4.152115e+01 -1.002409e+02  0.000000e+00
     vertex -4.067489e+01 -9.571600e+01  0.000000e+00
   endloop
 endfacet
 facet normal  0.000000e+00 -0.000000e+00 -1.000000e+00
   outer loop
     vertex -9.644293e+01 -3.891994e+01  0.000000e+00
     vertex -9.571600e+01 -4.067489e+01  0.000000e+00
     vertex -1.002409e+02 -4.152115e+01  0.000000e+00
   endloop
 endfacet
 facet normal  0.000000e+00  0.000000e+00 -1.000000e+00
   outer loop
     vertex -9.644293e+01 -3.891994e+01  0.000000e+00
     vertex -1.002409e+02 -4.152115e+01  0.000000e+00
     vertex -1.009661e+02 -3.972534e+01  0.000000e+00
   endloop
 endfacet
 facet normal  0.000000e+00  0.000000e+00 -1.000000e+00
   outer loop
     vertex -3.715201e+01 -9.713768e+01  0.000000e+00
     vertex -3.791686e+01 -1.016590e+02  0.000000e+00
     vertex -3.972534e+01 -1.009661e+02  0.000000e+00
   endloop
 endfacet
 facet normal -0.000000e+00  0.000000e+00 -1.000000e+00
   outer loop
     vertex -3.715201e+01 -9.713768e+01  0.000000e+00
     vertex -3.972534e+01 -1.009661e+02  0.000000e+00
     vertex -3.891994e+01 -9.644293e+01  0.000000e+00
   endloop
 endfacet
 facet normal  0.000000e+00 -0.000000e+00 -1.000000e+00
   outer loop
     vertex -9.713768e+01 -3.715201e+01  0.000000e+00
     vertex -9.644293e+01 -3.891994e+01  0.000000e+00
     vertex -1.009661e+02 -3.972534e+01  0.000000e+00
   endloop
 endfacet
 facet normal  0.000000e+00  0.000000e+00 -1.000000e+00
   outer loop
     vertex -9.713768e+01 -3.715201e+01  0.000000e+00
     vertex -1.009661e+02 -3.972534e+01  0.000000e+00
     vertex -1.016590e+02 -3.791686e+01  0.000000e+00
   endloop
 endfacet
 facet normal  0.000000e+00  0.000000e+00 -1.000000e+00
   outer loop
     vertex -3.537169e+01 -9.780002e+01  0.000000e+00
     vertex -3.609631e+01 -1.023196e+02  0.000000e+00
     vertex -3.791686e+01 -1.016590e+02  0.000000e+00
   endloop
 endfacet
 facet normal -0.000000e+00  0.000000e+00 -1.000000e+00
   outer loop
     vertex -3.537169e+01 -9.780002e+01  0.000000e+00
     vertex -3.791686e+01 -1.016590e+02  0.000000e+00
     vertex -3.715201e+01 -9.713768e+01  0.000000e+00
   endloop
 endfacet
 facet normal  0.000000e+00 -0.000000e+00 -1.000000e+00
   outer loop
     vertex -9.780002e+01 -3.537169e+01  0.000000e+00
     vertex -9.713768e+01 -3.715201e+01  0.000000e+00
     vertex -1.016590e+02 -3.791686e+01  0.000000e+00
   endloop
 endfacet
 facet normal  0.000000e+00  0.000000e+00 -1.000000e+00
   outer loop
     vertex -9.780002e+01 -3.537169e+01  0.000000e+00
     vertex -1.016590e+02 -3.791686e+01  0.000000e+00
     vertex -1.023196e+02 -3.609631e+01  0.000000e+00
   endloop
 endfacet
 facet normal  0.000000e+00  0.000000e+00 -1.000000e+00
   outer loop
     vertex -3.357956e+01 -9.842974e+01  0.000000e+00
     vertex -3.426426e+01 -1.029476e+02  0.000000e+00
     vertex -3.609631e+01 -1.023196e+02  0.000000e+00
   endloop
 endfacet
 facet normal -0.000000e+00  0.000000e+00 -1.000000e+00
   outer loop
     vertex -3.357956e+01 -9.842974e+01  0.000000e+00
     vertex -3.609631e+01 -1.023196e+02  0.000000e+00
     vertex -3.537169e+01 -9.780002e+01  0.000000e+00
   endloop
 endfacet
 facet normal  0.000000e+00 -0.000000e+00 -1.000000e+00
   outer loop
     vertex -9.842974e+01 -3.357956e+01  0.000000e+00
     vertex -9.780002e+01 -3.537169e+01  0.000000e+00
     vertex -1.023196e+02 -3.609631e+01  0.000000e+00
   endloop
 endfacet
 facet normal  0.000000e+00  0.000000e+00 -1.000000e+00
   outer loop
     vertex -9.842974e+01 -3.357956e+01  0.000000e+00
     vertex -1.023196e+02 -3.609631e+01  0.000000e+00
     vertex -1.029476e+02 -3.426426e+01  0.000000e+00
   endloop
 endfacet
 facet normal  0.000000e+00  0.000000e+00 -1.000000e+00
   outer loop
     vertex -3.177623e+01 -9.902662e+01  0.000000e+00
     vertex -3.242128e+01 -1.035428e+02  0.000000e+00
     vertex -3.426426e+01 -1.029476e+02  0.000000e+00
   endloop
 endfacet
 facet normal -0.000000e+00  0.000000e+00 -1.000000e+00
   outer loop
     vertex -3.177623e+01 -9.902662e+01  0.000000e+00
     vertex -3.426426e+01 -1.029476e+02  0.000000e+00
     vertex -3.357956e+01 -9.842974e+01  0.000000e+00
   endloop
 endfacet
 facet normal  0.000000e+00 -0.000000e+00 -1.000000e+00
   outer loop
     vertex -9.902662e+01 -3.177623e+01  0.000000e+00
     vertex -9.842974e+01 -3.357956e+01  0.000000e+00
     vertex -1.029476e+02 -3.426426e+01  0.000000e+00
   endloop
 endfacet
 facet normal  0.000000e+00  0.000000e+00 -1.000000e+00
   outer loop
     vertex -9.902662e+01 -3.177623e+01  0.000000e+00
     vertex -1.029476e+02 -3.426426e+01  0.000000e+00
     vertex -1.035428e+02 -3.242128e+01  0.000000e+00
   endloop
 endfacet
 facet normal -0.000000e+00  0.000000e+00 -1.000000e+00
   outer loop
     vertex -2.996231e+01 -9.959046e+01  0.000000e+00
     vertex -3.242128e+01 -1.035428e+02  0.000000e+00
     vertex -3.177623e+01 -9.902662e+01  0.000000e+00
   endloop
 endfacet
 facet normal  0.000000e+00  0.000000e+00 -1.000000e+00
   outer loop
     vertex -2.996231e+01 -9.959046e+01  0.000000e+00
     vertex -3.056798e+01 -1.041050e+02  0.000000e+00
     vertex -3.242128e+01 -1.035428e+02  0.000000e+00
   endloop
 endfacet
 facet normal  0.000000e+00 -0.000000e+00 -1.000000e+00
   outer loop
     vertex -9.959046e+01 -2.996231e+01  0.000000e+00
     vertex -9.902662e+01 -3.177623e+01  0.000000e+00
     vertex -1.035428e+02 -3.242128e+01  0.000000e+00
   endloop
 endfacet
 facet normal  0.000000e+00  0.000000e+00 -1.000000e+00
   outer loop
     vertex -9.959046e+01 -2.996231e+01  0.000000e+00
     vertex -1.035428e+02 -3.242128e+01  0.000000e+00
     vertex -1.041050e+02 -3.056798e+01  0.000000e+00
   endloop
 endfacet
 facet normal  0.000000e+00  0.000000e+00 -1.000000e+00
   outer loop
     vertex -2.813838e+01 -1.001211e+02  0.000000e+00
     vertex -2.870494e+01 -1.046340e+02  0.000000e+00
     vertex -3.056798e+01 -1.041050e+02  0.000000e+00
   endloop
 endfacet
 facet normal -0.000000e+00  0.000000e+00 -1.000000e+00
   outer loop
     vertex -2.813838e+01 -1.001211e+02  0.000000e+00
     vertex -3.056798e+01 -1.041050e+02  0.000000e+00
     vertex -2.996231e+01 -9.959046e+01  0.000000e+00
   endloop
 endfacet
 facet normal  0.000000e+00 -0.000000e+00 -1.000000e+00
   outer loop
     vertex -1.001211e+02 -2.813838e+01  0.000000e+00
     vertex -9.959046e+01 -2.996231e+01  0.000000e+00
     vertex -1.041050e+02 -3.056798e+01  0.000000e+00
   endloop
 endfacet
 facet normal  0.000000e+00  0.000000e+00 -1.000000e+00
   outer loop
     vertex -1.001211e+02 -2.813838e+01  0.000000e+00
     vertex -1.041050e+02 -3.056798e+01  0.000000e+00
     vertex -1.046340e+02 -2.870494e+01  0.000000e+00
   endloop
 endfacet
 facet normal -0.000000e+00  0.000000e+00 -1.000000e+00
   outer loop
     vertex -2.630507e+01 -1.006183e+02  0.000000e+00
     vertex -2.870494e+01 -1.046340e+02  0.000000e+00
     vertex -2.813838e+01 -1.001211e+02  0.000000e+00
   endloop
 endfacet
 facet normal  0.000000e+00  0.000000e+00 -1.000000e+00
   outer loop
     vertex -2.630507e+01 -1.006183e+02  0.000000e+00
     vertex -2.683276e+01 -1.051297e+02  0.000000e+00
     vertex -2.870494e+01 -1.046340e+02  0.000000e+00
   endloop
 endfacet
 facet normal  0.000000e+00 -0.000000e+00 -1.000000e+00
   outer loop
     vertex -1.006183e+02 -2.630507e+01  0.000000e+00
     vertex -1.001211e+02 -2.813838e+01  0.000000e+00
     vertex -1.046340e+02 -2.870494e+01  0.000000e+00
   endloop
 endfacet
 facet normal  0.000000e+00  0.000000e+00 -1.000000e+00
   outer loop
     vertex -1.006183e+02 -2.630507e+01  0.000000e+00
     vertex -1.046340e+02 -2.870494e+01  0.000000e+00
     vertex -1.051297e+02 -2.683276e+01  0.000000e+00
   endloop
 endfacet
 facet normal  0.000000e+00  0.000000e+00 -1.000000e+00
   outer loop
     vertex -2.446299e+01 -1.010820e+02  0.000000e+00
     vertex -2.495202e+01 -1.055919e+02  0.000000e+00
     vertex -2.683276e+01 -1.051297e+02  0.000000e+00
   endloop
 endfacet
 facet normal -0.000000e+00  0.000000e+00 -1.000000e+00
   outer loop
     vertex -2.446299e+01 -1.010820e+02  0.000000e+00
     vertex -2.683276e+01 -1.051297e+02  0.000000e+00
     vertex -2.630507e+01 -1.006183e+02  0.000000e+00
   endloop
 endfacet
 facet normal  0.000000e+00 -0.000000e+00 -1.000000e+00
   outer loop
     vertex -1.010820e+02 -2.446299e+01  0.000000e+00
     vertex -1.006183e+02 -2.630507e+01  0.000000e+00
     vertex -1.051297e+02 -2.683276e+01  0.000000e+00
   endloop
 endfacet
 facet normal  0.000000e+00  0.000000e+00 -1.000000e+00
   outer loop
     vertex -1.010820e+02 -2.446299e+01  0.000000e+00
     vertex -1.051297e+02 -2.683276e+01  0.000000e+00
     vertex -1.055919e+02 -2.495202e+01  0.000000e+00
   endloop
 endfacet
 facet normal -0.000000e+00  0.000000e+00 -1.000000e+00
   outer loop
     vertex -2.261274e+01 -1.015119e+02  0.000000e+00
     vertex -2.495202e+01 -1.055919e+02  0.000000e+00
     vertex -2.446299e+01 -1.010820e+02  0.000000e+00
   endloop
 endfacet
 facet normal  0.000000e+00  0.000000e+00 -1.000000e+00
   outer loop
     vertex -2.261274e+01 -1.015119e+02  0.000000e+00
     vertex -2.306333e+01 -1.060204e+02  0.000000e+00
     vertex -2.495202e+01 -1.055919e+02  0.000000e+00
   endloop
 endfacet
 facet normal  0.000000e+00 -0.000000e+00 -1.000000e+00
   outer loop
     vertex -1.015119e+02 -2.261274e+01  0.000000e+00
     vertex -1.010820e+02 -2.446299e+01  0.000000e+00
     vertex -1.055919e+02 -2.495202e+01  0.000000e+00
   endloop
 endfacet
 facet normal  0.000000e+00  0.000000e+00 -1.000000e+00
   outer loop
     vertex -1.015119e+02 -2.261274e+01  0.000000e+00
     vertex -1.055919e+02 -2.495202e+01  0.000000e+00
     vertex -1.060204e+02 -2.306333e+01  0.000000e+00
   endloop
 endfacet
 facet normal  0.000000e+00  0.000000e+00 -1.000000e+00
   outer loop
     vertex -2.075495e+01 -1.019080e+02  0.000000e+00
     vertex -2.116730e+01 -1.064152e+02  0.000000e+00
     vertex -2.306333e+01 -1.060204e+02  0.000000e+00
   endloop
 endfacet
 facet normal -0.000000e+00  0.000000e+00 -1.000000e+00
   outer loop
     vertex -2.075495e+01 -1.019080e+02  0.000000e+00
     vertex -2.306333e+01 -1.060204e+02  0.000000e+00
     vertex -2.261274e+01 -1.015119e+02  0.000000e+00
   endloop
 endfacet
 facet normal  0.000000e+00 -0.000000e+00 -1.000000e+00
   outer loop
     vertex -1.019080e+02 -2.075495e+01  0.000000e+00
     vertex -1.015119e+02 -2.261274e+01  0.000000e+00
     vertex -1.060204e+02 -2.306333e+01  0.000000e+00
   endloop
 endfacet
 facet normal  0.000000e+00  0.000000e+00 -1.000000e+00
   outer loop
     vertex -1.019080e+02 -2.075495e+01  0.000000e+00
     vertex -1.060204e+02 -2.306333e+01  0.000000e+00
     vertex -1.064152e+02 -2.116730e+01  0.000000e+00
   endloop
 endfacet
 facet normal -0.000000e+00  0.000000e+00 -1.000000e+00
   outer loop
     vertex -1.889023e+01 -1.022700e+02  0.000000e+00
     vertex -2.116730e+01 -1.064152e+02  0.000000e+00
     vertex -2.075495e+01 -1.019080e+02  0.000000e+00
   endloop
 endfacet
 facet normal  0.000000e+00  0.000000e+00 -1.000000e+00
   outer loop
     vertex -1.889023e+01 -1.022700e+02  0.000000e+00
     vertex -1.926452e+01 -1.067761e+02  0.000000e+00
     vertex -2.116730e+01 -1.064152e+02  0.000000e+00
   endloop
 endfacet
 facet normal  0.000000e+00 -0.000000e+00 -1.000000e+00
   outer loop
     vertex -1.022700e+02 -1.889023e+01  0.000000e+00
     vertex -1.019080e+02 -2.075495e+01  0.000000e+00
     vertex -1.064152e+02 -2.116730e+01  0.000000e+00
   endloop
 endfacet
 facet normal  0.000000e+00  0.000000e+00 -1.000000e+00
   outer loop
     vertex -1.022700e+02 -1.889023e+01  0.000000e+00
     vertex -1.064152e+02 -2.116730e+01  0.000000e+00
     vertex -1.067761e+02 -1.926452e+01  0.000000e+00
   endloop
 endfacet
 facet normal -0.000000e+00  0.000000e+00 -1.000000e+00
   outer loop
     vertex -1.701922e+01 -1.025980e+02  0.000000e+00
     vertex -1.926452e+01 -1.067761e+02  0.000000e+00
     vertex -1.889023e+01 -1.022700e+02  0.000000e+00
   endloop
 endfacet
 facet normal  0.000000e+00  0.000000e+00 -1.000000e+00
   outer loop
     vertex -1.701922e+01 -1.025980e+02  0.000000e+00
     vertex -1.735561e+01 -1.071029e+02  0.000000e+00
     vertex -1.926452e+01 -1.067761e+02  0.000000e+00
   endloop
 endfacet
 facet normal  0.000000e+00 -0.000000e+00 -1.000000e+00
   outer loop
     vertex -1.025980e+02 -1.701922e+01  0.000000e+00
     vertex -1.022700e+02 -1.889023e+01  0.000000e+00
     vertex -1.067761e+02 -1.926452e+01  0.000000e+00
   endloop
 endfacet
 facet normal  0.000000e+00  0.000000e+00 -1.000000e+00
   outer loop
     vertex -1.025980e+02 -1.701922e+01  0.000000e+00
     vertex -1.067761e+02 -1.926452e+01  0.000000e+00
     vertex -1.071029e+02 -1.735561e+01  0.000000e+00
   endloop
 endfacet
 facet normal  0.000000e+00  0.000000e+00 -1.000000e+00
   outer loop
     vertex -1.514252e+01 -1.028917e+02  0.000000e+00
     vertex -1.544116e+01 -1.073956e+02  0.000000e+00
     vertex -1.735561e+01 -1.071029e+02  0.000000e+00
   endloop
 endfacet
 facet normal -0.000000e+00  0.000000e+00 -1.000000e+00
   outer loop
     vertex -1.514252e+01 -1.028917e+02  0.000000e+00
     vertex -1.735561e+01 -1.071029e+02  0.000000e+00
     vertex -1.701922e+01 -1.025980e+02  0.000000e+00
   endloop
 endfacet
 facet normal  0.000000e+00 -0.000000e+00 -1.000000e+00
   outer loop
     vertex -1.028917e+02 -1.514252e+01  0.000000e+00
     vertex -1.025980e+02 -1.701922e+01  0.000000e+00
     vertex -1.071029e+02 -1.735561e+01  0.000000e+00
   endloop
 endfacet
 facet normal  0.000000e+00  0.000000e+00 -1.000000e+00
   outer loop
     vertex -1.028917e+02 -1.514252e+01  0.000000e+00
     vertex -1.071029e+02 -1.735561e+01  0.000000e+00
     vertex -1.073956e+02 -1.544116e+01  0.000000e+00
   endloop
 endfacet
 facet normal  0.000000e+00  0.000000e+00 -1.000000e+00
   outer loop
     vertex -1.326078e+01 -1.031511e+02  0.000000e+00
     vertex -1.352179e+01 -1.076541e+02  0.000000e+00
     vertex -1.544116e+01 -1.073956e+02  0.000000e+00
   endloop
 endfacet
 facet normal -0.000000e+00  0.000000e+00 -1.000000e+00
   outer loop
     vertex -1.326078e+01 -1.031511e+02  0.000000e+00
     vertex -1.544116e+01 -1.073956e+02  0.000000e+00
     vertex -1.514252e+01 -1.028917e+02  0.000000e+00
   endloop
 endfacet
 facet normal  0.000000e+00  0.000000e+00 -1.000000e+00
   outer loop
     vertex -1.031511e+02 -1.326078e+01  0.000000e+00
     vertex -1.073956e+02 -1.544116e+01  0.000000e+00
     vertex -1.076541e+02 -1.352179e+01  0.000000e+00
   endloop
 endfacet
 facet normal  0.000000e+00 -0.000000e+00 -1.000000e+00
   outer loop
     vertex -1.031511e+02 -1.326078e+01  0.000000e+00
     vertex -1.028917e+02 -1.514252e+01  0.000000e+00
     vertex -1.073956e+02 -1.544116e+01  0.000000e+00
   endloop
 endfacet
 facet normal  0.000000e+00  0.000000e+00 -1.000000e+00
   outer loop
     vertex -1.137461e+01 -1.033761e+02  0.000000e+00
     vertex -1.159812e+01 -1.078783e+02  0.000000e+00
     vertex -1.352179e+01 -1.076541e+02  0.000000e+00
   endloop
 endfacet
 facet normal -0.000000e+00  0.000000e+00 -1.000000e+00
   outer loop
     vertex -1.137461e+01 -1.033761e+02  0.000000e+00
     vertex -1.352179e+01 -1.076541e+02  0.000000e+00
     vertex -1.326078e+01 -1.031511e+02  0.000000e+00
   endloop
 endfacet
 facet normal  0.000000e+00 -0.000000e+00 -1.000000e+00
   outer loop
     vertex -1.033761e+02 -1.137461e+01  0.000000e+00
     vertex -1.031511e+02 -1.326078e+01  0.000000e+00
     vertex -1.076541e+02 -1.352179e+01  0.000000e+00
   endloop
 endfacet
 facet normal  0.000000e+00  0.000000e+00 -1.000000e+00
   outer loop
     vertex -1.033761e+02 -1.137461e+01  0.000000e+00
     vertex -1.076541e+02 -1.352179e+01  0.000000e+00
     vertex -1.078783e+02 -1.159812e+01  0.000000e+00
   endloop
 endfacet
 facet normal  0.000000e+00  0.000000e+00 -1.000000e+00
   outer loop
     vertex -9.484641e+00 -1.035666e+02  0.000000e+00
     vertex -9.670752e+00 -1.080682e+02  0.000000e+00
     vertex -1.159812e+01 -1.078783e+02  0.000000e+00
   endloop
 endfacet
 facet normal -0.000000e+00  0.000000e+00 -1.000000e+00
   outer loop
     vertex -9.484641e+00 -1.035666e+02  0.000000e+00
     vertex -1.159812e+01 -1.078783e+02  0.000000e+00
     vertex -1.137461e+01 -1.033761e+02  0.000000e+00
   endloop
 endfacet
 facet normal  0.000000e+00 -0.000000e+00 -1.000000e+00
   outer loop
     vertex -1.035666e+02 -9.484641e+00  0.000000e+00
     vertex -1.033761e+02 -1.137461e+01  0.000000e+00
     vertex -1.078783e+02 -1.159812e+01  0.000000e+00
   endloop
 endfacet
 facet normal  0.000000e+00  0.000000e+00 -1.000000e+00
   outer loop
     vertex -1.035666e+02 -9.484641e+00  0.000000e+00
     vertex -1.078783e+02 -1.159812e+01  0.000000e+00
     vertex -1.080682e+02 -9.670752e+00  0.000000e+00
   endloop
 endfacet
 facet normal  0.000000e+00  0.000000e+00 -1.000000e+00
   outer loop
     vertex -7.591513e+00 -1.037226e+02  0.000000e+00
     vertex -7.740301e+00 -1.082236e+02  0.000000e+00
     vertex -9.670752e+00 -1.080682e+02  0.000000e+00
   endloop
 endfacet
 facet normal -0.000000e+00  0.000000e+00 -1.000000e+00
   outer loop
     vertex -7.591513e+00 -1.037226e+02  0.000000e+00
     vertex -9.670752e+00 -1.080682e+02  0.000000e+00
     vertex -9.484641e+00 -1.035666e+02  0.000000e+00
   endloop
 endfacet
 facet normal  0.000000e+00 -0.000000e+00 -1.000000e+00
   outer loop
     vertex -1.037226e+02 -7.591513e+00  0.000000e+00
     vertex -1.035666e+02 -9.484641e+00  0.000000e+00
     vertex -1.080682e+02 -9.670752e+00  0.000000e+00
   endloop
 endfacet
 facet normal  0.000000e+00  0.000000e+00 -1.000000e+00
   outer loop
     vertex -1.037226e+02 -7.591513e+00  0.000000e+00
     vertex -1.080682e+02 -9.670752e+00  0.000000e+00
     vertex -1.082236e+02 -7.740301e+00  0.000000e+00
   endloop
 endfacet
