solid 
 facet normal  0.000000e+00  0.000000e+00 -1.000000e+00
   outer loop
     vertex  1.363415e+00  1.084914e+02  0.000000e+00
     vertex  1.339002e+00  1.039914e+02  0.000000e+00
     vertex -7.146883e-15  1.040000e+02  0.000000e+00
   endloop
 endfacet
 facet normal -0.000000e+00  0.000000e+00 -1.000000e+00
   outer loop
     vertex  1.363415e+00  1.084914e+02  0.000000e+00
     vertex -7.146883e-15  1.040000e+02  0.000000e+00
     vertex  6.643709e-15  1.085000e+02  0.000000e+00
   endloop
 endfacet
 facet normal  0.000000e+00  0.000000e+00 -1.000000e+00
   outer loop
     vertex  1.084914e+02  1.363415e+00  0.000000e+00
     vertex  1.040000e+02  2.021121e-15  0.000000e+00
     vertex  1.039914e+02  1.339002e+00  0.000000e+00
   endloop
 endfacet
 facet normal  0.000000e+00 -0.000000e+00 -1.000000e+00
   outer loop
     vertex  1.084914e+02  1.363415e+00  0.000000e+00
     vertex  1.085000e+02  0.000000e+00  0.000000e+00
     vertex  1.040000e+02  2.021121e-15  0.000000e+00
   endloop
 endfacet
 facet normal  0.000000e+00  0.000000e+00 -1.000000e+00
   outer loop
     vertex  2.726615e+00  1.084657e+02  0.000000e+00
     vertex  2.677783e+00  1.039655e+02  0.000000e+00
     vertex  1.339002e+00  1.039914e+02  0.000000e+00
   endloop
 endfacet
 facet normal -0.000000e+00  0.000000e+00 -1.000000e+00
   outer loop
     vertex  2.726615e+00  1.084657e+02  0.000000e+00
     vertex  1.339002e+00  1.039914e+02  0.000000e+00
     vertex  1.363415e+00  1.084914e+02  0.000000e+00
   endloop
 endfacet
 facet normal  0.000000e+00  0.000000e+00 -1.000000e+00
   outer loop
     vertex  1.084657e+02  2.726615e+00  0.000000e+00
     vertex  1.039914e+02  1.339002e+00  0.000000e+00
     vertex  1.039655e+02  2.677783e+00  0.000000e+00
   endloop
 endfacet
 facet normal  0.000000e+00 -0.000000e+00 -1.000000e+00
   outer loop
     vertex  1.084657e+02  2.726615e+00  0.000000e+00
     vertex  1.084914e+02  1.363415e+00  0.000000e+00
     vertex  1.039914e+02  1.339002e+00  0.000000e+00
   endloop
 endfacet
 facet normal  0.000000e+00  0.000000e+00 -1.000000e+00
   outer loop
     vertex  4.089385e+00  1.084229e+02  0.000000e+00
     vertex  4.016120e+00  1.039224e+02  0.000000e+00
     vertex  2.677783e+00  1.039655e+02  0.000000e+00
   endloop
 endfacet
 facet normal -0.000000e+00  0.000000e+00 -1.000000e+00
   outer loop
     vertex  4.089385e+00  1.084229e+02  0.000000e+00
     vertex  2.677783e+00  1.039655e+02  0.000000e+00
     vertex  2.726615e+00  1.084657e+02  0.000000e+00
   endloop
 endfacet
 facet normal  0.000000e+00  0.000000e+00 -1.000000e+00
   outer loop
     vertex  1.084229e+02  4.089385e+00  0.000000e+00
     vertex  1.039655e+02  2.677783e+00  0.000000e+00
     vertex  1.039224e+02  4.016120e+00  0.000000e+00
   endloop
 endfacet
 facet normal  0.000000e+00 -0.000000e+00 -1.000000e+00
   outer loop
     vertex  1.084229e+02  4.089385e+00  0.000000e+00
     vertex  1.084657e+02  2.726615e+00  0.000000e+00
     vertex  1.039655e+02  2.677783e+00  0.000000e+00
   endloop
 endfacet
 facet normal  0.000000e+00  0.000000e+00 -1.000000e+00
   outer loop
     vertex  5.451509e+00  1.083630e+02  0.000000e+00
     vertex  5.353790e+00  1.038621e+02  0.000000e+00
     vertex  4.016120e+00  1.039224e+02  0.000000e+00
   endloop
 endfacet
 facet normal -0.000000e+00  0.000000e+00 -1.000000e+00
   outer loop
     vertex  5.451509e+00  1.083630e+02  0.000000e+00
     vertex  4.016120e+00  1.039224e+02  0.000000e+00
     vertex  4.089385e+00  1.084229e+02  0.000000e+00
   endloop
 endfacet
 facet normal  0.000000e+00  0.000000e+00 -1.000000e+00
   outer loop
     vertex  1.083630e+02  5.451509e+00  0.000000e+00
     vertex  1.039224e+02  4.016120e+00  0.000000e+00
     vertex  1.038621e+02  5.353790e+00  0.000000e+00
   endloop
 endfacet
 facet normal  0.000000e+00 -0.000000e+00 -1.000000e+00
   outer loop
     vertex  1.083630e+02  5.451509e+00  0.000000e+00
     vertex  1.084229e+02  4.089385e+00  0.000000e+00
     vertex  1.039224e+02  4.016120e+00  0.000000e+00
   endloop
 endfacet
 facet normal  0.000000e+00  0.000000e+00 -1.000000e+00
   outer loop
     vertex  6.812771e+00  1.082859e+02  0.000000e+00
     vertex  6.690574e+00  1.037846e+02  0.000000e+00
     vertex  5.353790e+00  1.038621e+02  0.000000e+00
   endloop
 endfacet
 facet normal -0.000000e+00  0.000000e+00 -1.000000e+00
   outer loop
     vertex  6.812771e+00  1.082859e+02  0.000000e+00
     vertex  5.353790e+00  1.038621e+02  0.000000e+00
     vertex  5.451509e+00  1.083630e+02  0.000000e+00
   endloop
 endfacet
 facet normal  0.000000e+00  0.000000e+00 -1.000000e+00
   outer loop
     vertex  1.082859e+02  6.812771e+00  0.000000e+00
     vertex  1.038621e+02  5.353790e+00  0.000000e+00
     vertex  1.037846e+02  6.690574e+00  0.000000e+00
   endloop
 endfacet
 facet normal  0.000000e+00 -0.000000e+00 -1.000000e+00
   outer loop
     vertex  1.082859e+02  6.812771e+00  0.000000e+00
     vertex  1.083630e+02  5.451509e+00  0.000000e+00
     vertex  1.038621e+02  5.353790e+00  0.000000e+00
   endloop
 endfacet
 facet normal -0.000000e+00  0.000000e+00 -1.000000e+00
   outer loop
     vertex  8.172958e+00  1.081917e+02  0.000000e+00
     vertex  6.690574e+00  1.037846e+02  0.000000e+00
     vertex  6.812771e+00  1.082859e+02  0.000000e+00
   endloop
 endfacet
 facet normal  0.000000e+00  0.000000e+00 -1.000000e+00
   outer loop
     vertex  8.172958e+00  1.081917e+02  0.000000e+00
     vertex  8.026248e+00  1.036898e+02  0.000000e+00
     vertex  6.690574e+00  1.037846e+02  0.000000e+00
   endloop
 endfacet
 facet normal  0.000000e+00  0.000000e+00 -1.000000e+00
   outer loop
     vertex  1.081917e+02  8.172958e+00  0.000000e+00
     vertex  1.037846e+02  6.690574e+00  0.000000e+00
     vertex  1.036898e+02  8.026248e+00  0.000000e+00
   endloop
 endfacet
 facet normal  0.000000e+00 -0.000000e+00 -1.000000e+00
   outer loop
     vertex  1.081917e+02  8.172958e+00  0.000000e+00
     vertex  1.082859e+02  6.812771e+00  0.000000e+00
     vertex  1.037846e+02  6.690574e+00  0.000000e+00
   endloop
 endfacet
 facet normal  0.000000e+00  0.000000e+00 -1.000000e+00
   outer loop
     vertex  9.531855e+00  1.080805e+02  0.000000e+00
     vertex  9.360592e+00  1.035779e+02  0.000000e+00
     vertex  8.026248e+00  1.036898e+02  0.000000e+00
   endloop
 endfacet
 facet normal -0.000000e+00  0.000000e+00 -1.000000e+00
   outer loop
     vertex  9.531855e+00  1.080805e+02  0.000000e+00
     vertex  8.026248e+00  1.036898e+02  0.000000e+00
     vertex  8.172958e+00  1.081917e+02  0.000000e+00
   endloop
 endfacet
 facet normal  0.000000e+00  0.000000e+00 -1.000000e+00
   outer loop
     vertex  1.080805e+02  9.531855e+00  0.000000e+00
     vertex  1.036898e+02  8.026248e+00  0.000000e+00
     vertex  1.035779e+02  9.360592e+00  0.000000e+00
   endloop
 endfacet
 facet normal  0.000000e+00 -0.000000e+00 -1.000000e+00
   outer loop
     vertex  1.080805e+02  9.531855e+00  0.000000e+00
     vertex  1.081917e+02  8.172958e+00  0.000000e+00
     vertex  1.036898e+02  8.026248e+00  0.000000e+00
   endloop
 endfacet
 facet normal  0.000000e+00  0.000000e+00 -1.000000e+00
   outer loop
     vertex  1.088925e+01  1.079522e+02  0.000000e+00
     vertex  1.069338e+01  1.034488e+02  0.000000e+00
     vertex  9.360592e+00  1.035779e+02  0.000000e+00
   endloop
 endfacet
 facet normal -0.000000e+00  0.000000e+00 -1.000000e+00
   outer loop
     vertex  1.088925e+01  1.079522e+02  0.000000e+00
     vertex  9.360592e+00  1.035779e+02  0.000000e+00
     vertex  9.531855e+00  1.080805e+02  0.000000e+00
   endloop
 endfacet
 facet normal  0.000000e+00  0.000000e+00 -1.000000e+00
   outer loop
     vertex  1.079522e+02  1.088925e+01  0.000000e+00
     vertex  1.035779e+02  9.360592e+00  0.000000e+00
     vertex  1.034488e+02  1.069338e+01  0.000000e+00
   endloop
 endfacet
 facet normal  0.000000e+00 -0.000000e+00 -1.000000e+00
   outer loop
     vertex  1.079522e+02  1.088925e+01  0.000000e+00
     vertex  1.080805e+02  9.531855e+00  0.000000e+00
     vertex  1.035779e+02  9.360592e+00  0.000000e+00
   endloop
 endfacet
 facet normal  0.000000e+00  0.000000e+00 -1.000000e+00
   outer loop
     vertex  1.224492e+01  1.078068e+02  0.000000e+00
     vertex  1.202440e+01  1.033025e+02  0.000000e+00
     vertex  1.069338e+01  1.034488e+02  0.000000e+00
   endloop
 endfacet
 facet normal -0.000000e+00  0.000000e+00 -1.000000e+00
   outer loop
     vertex  1.224492e+01  1.078068e+02  0.000000e+00
     vertex  1.069338e+01  1.034488e+02  0.000000e+00
     vertex  1.088925e+01  1.079522e+02  0.000000e+00
   endloop
 endfacet
 facet normal  0.000000e+00  0.000000e+00 -1.000000e+00
   outer loop
     vertex  1.078068e+02  1.224492e+01  0.000000e+00
     vertex  1.034488e+02  1.069338e+01  0.000000e+00
     vertex  1.033025e+02  1.202440e+01  0.000000e+00
   endloop
 endfacet
 facet normal  0.000000e+00 -0.000000e+00 -1.000000e+00
   outer loop
     vertex  1.078068e+02  1.224492e+01  0.000000e+00
     vertex  1.079522e+02  1.088925e+01  0.000000e+00
     vertex  1.034488e+02  1.069338e+01  0.000000e+00
   endloop
 endfacet
 facet normal -0.000000e+00  0.000000e+00 -1.000000e+00
   outer loop
     vertex  1.359866e+01  1.076444e+02  0.000000e+00
     vertex  1.202440e+01  1.033025e+02  0.000000e+00
     vertex  1.224492e+01  1.078068e+02  0.000000e+00
   endloop
 endfacet
 facet normal  0.000000e+00  0.000000e+00 -1.000000e+00
   outer loop
     vertex  1.359866e+01  1.076444e+02  0.000000e+00
     vertex  1.335343e+01  1.031392e+02  0.000000e+00
     vertex  1.202440e+01  1.033025e+02  0.000000e+00
   endloop
 endfacet
 facet normal  0.000000e+00  0.000000e+00 -1.000000e+00
   outer loop
     vertex  1.076444e+02  1.359866e+01  0.000000e+00
     vertex  1.033025e+02  1.202440e+01  0.000000e+00
     vertex  1.031392e+02  1.335343e+01  0.000000e+00
   endloop
 endfacet
 facet normal  0.000000e+00 -0.000000e+00 -1.000000e+00
   outer loop
     vertex  1.076444e+02  1.359866e+01  0.000000e+00
     vertex  1.078068e+02  1.224492e+01  0.000000e+00
     vertex  1.033025e+02  1.202440e+01  0.000000e+00
   endloop
 endfacet
 facet normal  0.000000e+00  0.000000e+00 -1.000000e+00
   outer loop
     vertex  1.495025e+01  1.074651e+02  0.000000e+00
     vertex  1.468024e+01  1.029587e+02  0.000000e+00
     vertex  1.335343e+01  1.031392e+02  0.000000e+00
   endloop
 endfacet
 facet normal -0.000000e+00  0.000000e+00 -1.000000e+00
   outer loop
     vertex  1.495025e+01  1.074651e+02  0.000000e+00
     vertex  1.335343e+01  1.031392e+02  0.000000e+00
     vertex  1.359866e+01  1.076444e+02  0.000000e+00
   endloop
 endfacet
 facet normal  0.000000e+00  0.000000e+00 -1.000000e+00
   outer loop
     vertex  1.074651e+02  1.495025e+01  0.000000e+00
     vertex  1.031392e+02  1.335343e+01  0.000000e+00
     vertex  1.029587e+02  1.468024e+01  0.000000e+00
   endloop
 endfacet
 facet normal  0.000000e+00 -0.000000e+00 -1.000000e+00
   outer loop
     vertex  1.074651e+02  1.495025e+01  0.000000e+00
     vertex  1.076444e+02  1.359866e+01  0.000000e+00
     vertex  1.031392e+02  1.335343e+01  0.000000e+00
   endloop
 endfacet
 facet normal  0.000000e+00  0.000000e+00 -1.000000e+00
   outer loop
     vertex  1.629948e+01  1.072687e+02  0.000000e+00
     vertex  1.600462e+01  1.027611e+02  0.000000e+00
     vertex  1.468024e+01  1.029587e+02  0.000000e+00
   endloop
 endfacet
 facet normal -0.000000e+00  0.000000e+00 -1.000000e+00
   outer loop
     vertex  1.629948e+01  1.072687e+02  0.000000e+00
     vertex  1.468024e+01  1.029587e+02  0.000000e+00
     vertex  1.495025e+01  1.074651e+02  0.000000e+00
   endloop
 endfacet
 facet normal  0.000000e+00  0.000000e+00 -1.000000e+00
   outer loop
     vertex  1.072687e+02  1.629948e+01  0.000000e+00
     vertex  1.029587e+02  1.468024e+01  0.000000e+00
     vertex  1.027611e+02  1.600462e+01  0.000000e+00
   endloop
 endfacet
 facet normal  0.000000e+00 -0.000000e+00 -1.000000e+00
   outer loop
     vertex  1.072687e+02  1.629948e+01  0.000000e+00
     vertex  1.074651e+02  1.495025e+01  0.000000e+00
     vertex  1.029587e+02  1.468024e+01  0.000000e+00
   endloop
 endfacet
 facet normal -0.000000e+00  0.000000e+00 -1.000000e+00
   outer loop
     vertex  1.764613e+01  1.070554e+02  0.000000e+00
     vertex  1.600462e+01  1.027611e+02  0.000000e+00
     vertex  1.629948e+01  1.072687e+02  0.000000e+00
   endloop
 endfacet
 facet normal  0.000000e+00  0.000000e+00 -1.000000e+00
   outer loop
     vertex  1.764613e+01  1.070554e+02  0.000000e+00
     vertex  1.732635e+01  1.025466e+02  0.000000e+00
     vertex  1.600462e+01  1.027611e+02  0.000000e+00
   endloop
 endfacet
 facet normal  0.000000e+00  0.000000e+00 -1.000000e+00
   outer loop
     vertex  1.070554e+02  1.764613e+01  0.000000e+00
     vertex  1.027611e+02  1.600462e+01  0.000000e+00
     vertex  1.025466e+02  1.732635e+01  0.000000e+00
   endloop
 endfacet
 facet normal  0.000000e+00 -0.000000e+00 -1.000000e+00
   outer loop
     vertex  1.070554e+02  1.764613e+01  0.000000e+00
     vertex  1.072687e+02  1.629948e+01  0.000000e+00
     vertex  1.027611e+02  1.600462e+01  0.000000e+00
   endloop
 endfacet
 facet normal  0.000000e+00  0.000000e+00 -1.000000e+00
   outer loop
     vertex  1.899000e+01  1.068252e+02  0.000000e+00
     vertex  1.864520e+01  1.023150e+02  0.000000e+00
     vertex  1.732635e+01  1.025466e+02  0.000000e+00
   endloop
 endfacet
 facet normal -0.000000e+00  0.000000e+00 -1.000000e+00
   outer loop
     vertex  1.899000e+01  1.068252e+02  0.000000e+00
     vertex  1.732635e+01  1.025466e+02  0.000000e+00
     vertex  1.764613e+01  1.070554e+02  0.000000e+00
   endloop
 endfacet
 facet normal  0.000000e+00  0.000000e+00 -1.000000e+00
   outer loop
     vertex  1.068252e+02  1.899000e+01  0.000000e+00
     vertex  1.025466e+02  1.732635e+01  0.000000e+00
     vertex  1.023150e+02  1.864520e+01  0.000000e+00
   endloop
 endfacet
 facet normal  0.000000e+00 -0.000000e+00 -1.000000e+00
   outer loop
     vertex  1.068252e+02  1.899000e+01  0.000000e+00
     vertex  1.070554e+02  1.764613e+01  0.000000e+00
     vertex  1.025466e+02  1.732635e+01  0.000000e+00
   endloop
 endfacet
 facet normal  0.000000e+00  0.000000e+00 -1.000000e+00
   outer loop
     vertex  2.033087e+01  1.065782e+02  0.000000e+00
     vertex  1.996096e+01  1.020664e+02  0.000000e+00
     vertex  1.864520e+01  1.023150e+02  0.000000e+00
   endloop
 endfacet
 facet normal -0.000000e+00  0.000000e+00 -1.000000e+00
   outer loop
     vertex  2.033087e+01  1.065782e+02  0.000000e+00
     vertex  1.864520e+01  1.023150e+02  0.000000e+00
     vertex  1.899000e+01  1.068252e+02  0.000000e+00
   endloop
 endfacet
 facet normal  0.000000e+00  0.000000e+00 -1.000000e+00
   outer loop
     vertex  1.065782e+02  2.033087e+01  0.000000e+00
     vertex  1.023150e+02  1.864520e+01  0.000000e+00
     vertex  1.020664e+02  1.996096e+01  0.000000e+00
   endloop
 endfacet
 facet normal  0.000000e+00 -0.000000e+00 -1.000000e+00
   outer loop
     vertex  1.065782e+02  2.033087e+01  0.000000e+00
     vertex  1.068252e+02  1.899000e+01  0.000000e+00
     vertex  1.023150e+02  1.864520e+01  0.000000e+00
   endloop
 endfacet
 facet normal  0.000000e+00  0.000000e+00 -1.000000e+00
   outer loop
     vertex  2.166853e+01  1.063143e+02  0.000000e+00
     vertex  2.127341e+01  1.018010e+02  0.000000e+00
     vertex  1.996096e+01  1.020664e+02  0.000000e+00
   endloop
 endfacet
 facet normal -0.000000e+00  0.000000e+00 -1.000000e+00
   outer loop
     vertex  2.166853e+01  1.063143e+02  0.000000e+00
     vertex  1.996096e+01  1.020664e+02  0.000000e+00
     vertex  2.033087e+01  1.065782e+02  0.000000e+00
   endloop
 endfacet
 facet normal  0.000000e+00  0.000000e+00 -1.000000e+00
   outer loop
     vertex  1.063143e+02  2.166853e+01  0.000000e+00
     vertex  1.020664e+02  1.996096e+01  0.000000e+00
     vertex  1.018010e+02  2.127341e+01  0.000000e+00
   endloop
 endfacet
 facet normal  0.000000e+00 -0.000000e+00 -1.000000e+00
   outer loop
     vertex  1.063143e+02  2.166853e+01  0.000000e+00
     vertex  1.065782e+02  2.033087e+01  0.000000e+00
     vertex  1.020664e+02  1.996096e+01  0.000000e+00
   endloop
 endfacet
 facet normal  0.000000e+00  0.000000e+00 -1.000000e+00
   outer loop
     vertex  2.300277e+01  1.060336e+02  0.000000e+00
     vertex  2.258234e+01  1.015187e+02  0.000000e+00
     vertex  2.127341e+01  1.018010e+02  0.000000e+00
   endloop
 endfacet
 facet normal -0.000000e+00  0.000000e+00 -1.000000e+00
   outer loop
     vertex  2.300277e+01  1.060336e+02  0.000000e+00
     vertex  2.127341e+01  1.018010e+02  0.000000e+00
     vertex  2.166853e+01  1.063143e+02  0.000000e+00
   endloop
 endfacet
 facet normal  0.000000e+00  0.000000e+00 -1.000000e+00
   outer loop
     vertex  1.060336e+02  2.300277e+01  0.000000e+00
     vertex  1.018010e+02  2.127341e+01  0.000000e+00
     vertex  1.015187e+02  2.258234e+01  0.000000e+00
   endloop
 endfacet
 facet normal  0.000000e+00 -0.000000e+00 -1.000000e+00
   outer loop
     vertex  1.060336e+02  2.300277e+01  0.000000e+00
     vertex  1.063143e+02  2.166853e+01  0.000000e+00
     vertex  1.018010e+02  2.127341e+01  0.000000e+00
   endloop
 endfacet
 facet normal  0.000000e+00  0.000000e+00 -1.000000e+00
   outer loop
     vertex  2.433338e+01  1.057362e+02  0.000000e+00
     vertex  2.388753e+01  1.012195e+02  0.000000e+00
     vertex  2.258234e+01  1.015187e+02  0.000000e+00
   endloop
 endfacet
 facet normal -0.000000e+00  0.000000e+00 -1.000000e+00
   outer loop
     vertex  2.433338e+01  1.057362e+02  0.000000e+00
     vertex  2.258234e+01  1.015187e+02  0.000000e+00
     vertex  2.300277e+01  1.060336e+02  0.000000e+00
   endloop
 endfacet
 facet normal  0.000000e+00  0.000000e+00 -1.000000e+00
   outer loop
     vertex  1.057362e+02  2.433338e+01  0.000000e+00
     vertex  1.015187e+02  2.258234e+01  0.000000e+00
     vertex  1.012195e+02  2.388753e+01  0.000000e+00
   endloop
 endfacet
 facet normal  0.000000e+00 -0.000000e+00 -1.000000e+00
   outer loop
     vertex  1.057362e+02  2.433338e+01  0.000000e+00
     vertex  1.060336e+02  2.300277e+01  0.000000e+00
     vertex  1.015187e+02  2.258234e+01  0.000000e+00
   endloop
 endfacet
 facet normal  0.000000e+00  0.000000e+00 -1.000000e+00
   outer loop
     vertex  2.566014e+01  1.054220e+02  0.000000e+00
     vertex  2.518875e+01  1.009036e+02  0.000000e+00
     vertex  2.388753e+01  1.012195e+02  0.000000e+00
   endloop
 endfacet
 facet normal -0.000000e+00  0.000000e+00 -1.000000e+00
   outer loop
     vertex  2.566014e+01  1.054220e+02  0.000000e+00
     vertex  2.388753e+01  1.012195e+02  0.000000e+00
     vertex  2.433338e+01  1.057362e+02  0.000000e+00
   endloop
 endfacet
 facet normal  0.000000e+00  0.000000e+00 -1.000000e+00
   outer loop
     vertex  1.054220e+02  2.566014e+01  0.000000e+00
     vertex  1.012195e+02  2.388753e+01  0.000000e+00
     vertex  1.009036e+02  2.518875e+01  0.000000e+00
   endloop
 endfacet
 facet normal  0.000000e+00 -0.000000e+00 -1.000000e+00
   outer loop
     vertex  1.054220e+02  2.566014e+01  0.000000e+00
     vertex  1.057362e+02  2.433338e+01  0.000000e+00
     vertex  1.012195e+02  2.388753e+01  0.000000e+00
   endloop
 endfacet
 facet normal  0.000000e+00  0.000000e+00 -1.000000e+00
   outer loop
     vertex  2.698285e+01  1.050913e+02  0.000000e+00
     vertex  2.648580e+01  1.005709e+02  0.000000e+00
     vertex  2.518875e+01  1.009036e+02  0.000000e+00
   endloop
 endfacet
 facet normal -0.000000e+00  0.000000e+00 -1.000000e+00
   outer loop
     vertex  2.698285e+01  1.050913e+02  0.000000e+00
     vertex  2.518875e+01  1.009036e+02  0.000000e+00
     vertex  2.566014e+01  1.054220e+02  0.000000e+00
   endloop
 endfacet
 facet normal  0.000000e+00  0.000000e+00 -1.000000e+00
   outer loop
     vertex  1.050913e+02  2.698285e+01  0.000000e+00
     vertex  1.009036e+02  2.518875e+01  0.000000e+00
     vertex  1.005709e+02  2.648580e+01  0.000000e+00
   endloop
 endfacet
 facet normal  0.000000e+00 -0.000000e+00 -1.000000e+00
   outer loop
     vertex  1.050913e+02  2.698285e+01  0.000000e+00
     vertex  1.054220e+02  2.566014e+01  0.000000e+00
     vertex  1.009036e+02  2.518875e+01  0.000000e+00
   endloop
 endfacet
 facet normal  0.000000e+00  0.000000e+00 -1.000000e+00
   outer loop
     vertex  2.830130e+01  1.047439e+02  0.000000e+00
     vertex  2.777845e+01  1.002215e+02  0.000000e+00
     vertex  2.648580e+01  1.005709e+02  0.000000e+00
   endloop
 endfacet
 facet normal -0.000000e+00  0.000000e+00 -1.000000e+00
   outer loop
     vertex  2.830130e+01  1.047439e+02  0.000000e+00
     vertex  2.648580e+01  1.005709e+02  0.000000e+00
     vertex  2.698285e+01  1.050913e+02  0.000000e+00
   endloop
 endfacet
 facet normal  0.000000e+00 -0.000000e+00 -1.000000e+00
   outer loop
     vertex  1.047439e+02  2.830130e+01  0.000000e+00
     vertex  1.050913e+02  2.698285e+01  0.000000e+00
     vertex  1.005709e+02  2.648580e+01  0.000000e+00
   endloop
 endfacet
 facet normal  0.000000e+00  0.000000e+00 -1.000000e+00
   outer loop
     vertex  1.047439e+02  2.830130e+01  0.000000e+00
     vertex  1.005709e+02  2.648580e+01  0.000000e+00
     vertex  1.002215e+02  2.777845e+01  0.000000e+00
   endloop
 endfacet
 facet normal  0.000000e+00  0.000000e+00 -1.000000e+00
   outer loop
     vertex  2.961529e+01  1.043800e+02  0.000000e+00
     vertex  2.906651e+01  9.985559e+01  0.000000e+00
     vertex  2.777845e+01  1.002215e+02  0.000000e+00
   endloop
 endfacet
 facet normal -0.000000e+00  0.000000e+00 -1.000000e+00
   outer loop
     vertex  2.961529e+01  1.043800e+02  0.000000e+00
     vertex  2.777845e+01  1.002215e+02  0.000000e+00
     vertex  2.830130e+01  1.047439e+02  0.000000e+00
   endloop
 endfacet
 facet normal  0.000000e+00  0.000000e+00 -1.000000e+00
   outer loop
     vertex  1.043800e+02  2.961529e+01  0.000000e+00
     vertex  1.002215e+02  2.777845e+01  0.000000e+00
     vertex  9.985559e+01  2.906651e+01  0.000000e+00
   endloop
 endfacet
 facet normal  0.000000e+00 -0.000000e+00 -1.000000e+00
   outer loop
     vertex  1.043800e+02  2.961529e+01  0.000000e+00
     vertex  1.047439e+02  2.830130e+01  0.000000e+00
     vertex  1.002215e+02  2.777845e+01  0.000000e+00
   endloop
 endfacet
 facet normal -0.000000e+00  0.000000e+00 -1.000000e+00
   outer loop
     vertex  3.092459e+01  1.039996e+02  0.000000e+00
     vertex  2.906651e+01  9.985559e+01  0.000000e+00
     vertex  2.961529e+01  1.043800e+02  0.000000e+00
   endloop
 endfacet
 facet normal  0.000000e+00  0.000000e+00 -1.000000e+00
   outer loop
     vertex  3.092459e+01  1.039996e+02  0.000000e+00
     vertex  3.034974e+01  9.947308e+01  0.000000e+00
     vertex  2.906651e+01  9.985559e+01  0.000000e+00
   endloop
 endfacet
 facet normal  0.000000e+00  0.000000e+00 -1.000000e+00
   outer loop
     vertex  1.039996e+02  3.092459e+01  0.000000e+00
     vertex  9.985559e+01  2.906651e+01  0.000000e+00
     vertex  9.947308e+01  3.034974e+01  0.000000e+00
   endloop
 endfacet
 facet normal  0.000000e+00 -0.000000e+00 -1.000000e+00
   outer loop
     vertex  1.039996e+02  3.092459e+01  0.000000e+00
     vertex  1.043800e+02  2.961529e+01  0.000000e+00
     vertex  9.985559e+01  2.906651e+01  0.000000e+00
   endloop
 endfacet
 facet normal -0.000000e+00  0.000000e+00 -1.000000e+00
   outer loop
     vertex  3.222901e+01  1.036028e+02  0.000000e+00
     vertex  3.034974e+01  9.947308e+01  0.000000e+00
     vertex  3.092459e+01  1.039996e+02  0.000000e+00
   endloop
 endfacet
 facet normal  0.000000e+00  0.000000e+00 -1.000000e+00
   outer loop
     vertex  3.222901e+01  1.036028e+02  0.000000e+00
     vertex  3.162794e+01  9.907408e+01  0.000000e+00
     vertex  3.034974e+01  9.947308e+01  0.000000e+00
   endloop
 endfacet
 facet normal  0.000000e+00 -0.000000e+00 -1.000000e+00
   outer loop
     vertex  1.036028e+02  3.222901e+01  0.000000e+00
     vertex  1.039996e+02  3.092459e+01  0.000000e+00
     vertex  9.947308e+01  3.034974e+01  0.000000e+00
   endloop
 endfacet
 facet normal  0.000000e+00  0.000000e+00 -1.000000e+00
   outer loop
     vertex  1.036028e+02  3.222901e+01  0.000000e+00
     vertex  9.947308e+01  3.034974e+01  0.000000e+00
     vertex  9.907408e+01  3.162794e+01  0.000000e+00
   endloop
 endfacet
 facet normal -0.000000e+00  0.000000e+00 -1.000000e+00
   outer loop
     vertex  3.352834e+01  1.031896e+02  0.000000e+00
     vertex  3.162794e+01  9.907408e+01  0.000000e+00
     vertex  3.222901e+01  1.036028e+02  0.000000e+00
   endloop
 endfacet
 facet normal  0.000000e+00  0.000000e+00 -1.000000e+00
   outer loop
     vertex  3.352834e+01  1.031896e+02  0.000000e+00
     vertex  3.290090e+01  9.865866e+01  0.000000e+00
     vertex  3.162794e+01  9.907408e+01  0.000000e+00
   endloop
 endfacet
 facet normal  0.000000e+00  0.000000e+00 -1.000000e+00
   outer loop
     vertex  1.031896e+02  3.352834e+01  0.000000e+00
     vertex  9.907408e+01  3.162794e+01  0.000000e+00
     vertex  9.865866e+01  3.290090e+01  0.000000e+00
   endloop
 endfacet
 facet normal  0.000000e+00 -0.000000e+00 -1.000000e+00
   outer loop
     vertex  1.031896e+02  3.352834e+01  0.000000e+00
     vertex  1.036028e+02  3.222901e+01  0.000000e+00
     vertex  9.907408e+01  3.162794e+01  0.000000e+00
   endloop
 endfacet
 facet normal -0.000000e+00  0.000000e+00 -1.000000e+00
   outer loop
     vertex  3.482238e+01  1.027602e+02  0.000000e+00
     vertex  3.290090e+01  9.865866e+01  0.000000e+00
     vertex  3.352834e+01  1.031896e+02  0.000000e+00
   endloop
 endfacet
 facet normal  0.000000e+00  0.000000e+00 -1.000000e+00
   outer loop
     vertex  3.482238e+01  1.027602e+02  0.000000e+00
     vertex  3.416841e+01  9.822688e+01  0.000000e+00
     vertex  3.290090e+01  9.865866e+01  0.000000e+00
   endloop
 endfacet
 facet normal  0.000000e+00  0.000000e+00 -1.000000e+00
   outer loop
     vertex  1.027602e+02  3.482238e+01  0.000000e+00
     vertex  9.865866e+01  3.290090e+01  0.000000e+00
     vertex  9.822688e+01  3.416841e+01  0.000000e+00
   endloop
 endfacet
 facet normal  0.000000e+00 -0.000000e+00 -1.000000e+00
   outer loop
     vertex  1.027602e+02  3.482238e+01  0.000000e+00
     vertex  1.031896e+02  3.352834e+01  0.000000e+00
     vertex  9.865866e+01  3.290090e+01  0.000000e+00
   endloop
 endfacet
 facet normal -0.000000e+00  0.000000e+00 -1.000000e+00
   outer loop
     vertex  3.611092e+01  1.023145e+02  0.000000e+00
     vertex  3.416841e+01  9.822688e+01  0.000000e+00
     vertex  3.482238e+01  1.027602e+02  0.000000e+00
   endloop
 endfacet
 facet normal  0.000000e+00  0.000000e+00 -1.000000e+00
   outer loop
     vertex  3.611092e+01  1.023145e+02  0.000000e+00
     vertex  3.543025e+01  9.777882e+01  0.000000e+00
     vertex  3.416841e+01  9.822688e+01  0.000000e+00
   endloop
 endfacet
 facet normal  0.000000e+00  0.000000e+00 -1.000000e+00
   outer loop
     vertex  1.023145e+02  3.611092e+01  0.000000e+00
     vertex  9.822688e+01  3.416841e+01  0.000000e+00
     vertex  9.777882e+01  3.543025e+01  0.000000e+00
   endloop
 endfacet
 facet normal  0.000000e+00 -0.000000e+00 -1.000000e+00
   outer loop
     vertex  1.023145e+02  3.611092e+01  0.000000e+00
     vertex  1.027602e+02  3.482238e+01  0.000000e+00
     vertex  9.822688e+01  3.416841e+01  0.000000e+00
   endloop
 endfacet
 facet normal  0.000000e+00  0.000000e+00 -1.000000e+00
   outer loop
     vertex  3.739376e+01  1.018526e+02  0.000000e+00
     vertex  3.668622e+01  9.731455e+01  0.000000e+00
     vertex  3.543025e+01  9.777882e+01  0.000000e+00
   endloop
 endfacet
 facet normal -0.000000e+00  0.000000e+00 -1.000000e+00
   outer loop
     vertex  3.739376e+01  1.018526e+02  0.000000e+00
     vertex  3.543025e+01  9.777882e+01  0.000000e+00
     vertex  3.611092e+01  1.023145e+02  0.000000e+00
   endloop
 endfacet
 facet normal  0.000000e+00  0.000000e+00 -1.000000e+00
   outer loop
     vertex  1.018526e+02  3.739376e+01  0.000000e+00
     vertex  9.777882e+01  3.543025e+01  0.000000e+00
     vertex  9.731455e+01  3.668622e+01  0.000000e+00
   endloop
 endfacet
 facet normal  0.000000e+00 -0.000000e+00 -1.000000e+00
   outer loop
     vertex  1.018526e+02  3.739376e+01  0.000000e+00
     vertex  1.023145e+02  3.611092e+01  0.000000e+00
     vertex  9.777882e+01  3.543025e+01  0.000000e+00
   endloop
 endfacet
 facet normal -0.000000e+00  0.000000e+00 -1.000000e+00
   outer loop
     vertex  3.867069e+01  1.013747e+02  0.000000e+00
     vertex  3.668622e+01  9.731455e+01  0.000000e+00
     vertex  3.739376e+01  1.018526e+02  0.000000e+00
   endloop
 endfacet
 facet normal  0.000000e+00  0.000000e+00 -1.000000e+00
   outer loop
     vertex  3.867069e+01  1.013747e+02  0.000000e+00
     vertex  3.793610e+01  9.683415e+01  0.000000e+00
     vertex  3.668622e+01  9.731455e+01  0.000000e+00
   endloop
 endfacet
 facet normal  0.000000e+00 -0.000000e+00 -1.000000e+00
   outer loop
     vertex  1.013747e+02  3.867069e+01  0.000000e+00
     vertex  1.018526e+02  3.739376e+01  0.000000e+00
     vertex  9.731455e+01  3.668622e+01  0.000000e+00
   endloop
 endfacet
 facet normal  0.000000e+00  0.000000e+00 -1.000000e+00
   outer loop
     vertex  1.013747e+02  3.867069e+01  0.000000e+00
     vertex  9.731455e+01  3.668622e+01  0.000000e+00
     vertex  9.683415e+01  3.793610e+01  0.000000e+00
   endloop
 endfacet
 facet normal -0.000000e+00  0.000000e+00 -1.000000e+00
   outer loop
     vertex  3.994151e+01  1.008807e+02  0.000000e+00
     vertex  3.793610e+01  9.683415e+01  0.000000e+00
     vertex  3.867069e+01  1.013747e+02  0.000000e+00
   endloop
 endfacet
 facet normal  0.000000e+00  0.000000e+00 -1.000000e+00
   outer loop
     vertex  3.994151e+01  1.008807e+02  0.000000e+00
     vertex  3.917970e+01  9.633769e+01  0.000000e+00
     vertex  3.793610e+01  9.683415e+01  0.000000e+00
   endloop
 endfacet
 facet normal  0.000000e+00 -0.000000e+00 -1.000000e+00
   outer loop
     vertex  1.008807e+02  3.994151e+01  0.000000e+00
     vertex  1.013747e+02  3.867069e+01  0.000000e+00
     vertex  9.683415e+01  3.793610e+01  0.000000e+00
   endloop
 endfacet
 facet normal  0.000000e+00  0.000000e+00 -1.000000e+00
   outer loop
     vertex  1.008807e+02  3.994151e+01  0.000000e+00
     vertex  9.683415e+01  3.793610e+01  0.000000e+00
     vertex  9.633769e+01  3.917970e+01  0.000000e+00
   endloop
 endfacet
 facet normal -0.000000e+00  0.000000e+00 -1.000000e+00
   outer loop
     vertex  4.120603e+01  1.003709e+02  0.000000e+00
     vertex  3.917970e+01  9.633769e+01  0.000000e+00
     vertex  3.994151e+01  1.008807e+02  0.000000e+00
   endloop
 endfacet
 facet normal  0.000000e+00  0.000000e+00 -1.000000e+00
   outer loop
     vertex  4.120603e+01  1.003709e+02  0.000000e+00
     vertex  4.041680e+01  9.582527e+01  0.000000e+00
     vertex  3.917970e+01  9.633769e+01  0.000000e+00
   endloop
 endfacet
 facet normal  0.000000e+00 -0.000000e+00 -1.000000e+00
   outer loop
     vertex  1.003709e+02  4.120603e+01  0.000000e+00
     vertex  1.008807e+02  3.994151e+01  0.000000e+00
     vertex  9.633769e+01  3.917970e+01  0.000000e+00
   endloop
 endfacet
 facet normal  0.000000e+00  0.000000e+00 -1.000000e+00
   outer loop
     vertex  1.003709e+02  4.120603e+01  0.000000e+00
     vertex  9.633769e+01  3.917970e+01  0.000000e+00
     vertex  9.582527e+01  4.041680e+01  0.000000e+00
   endloop
 endfacet
 facet normal -0.000000e+00  0.000000e+00 -1.000000e+00
   outer loop
     vertex  4.246404e+01  9.984516e+01  0.000000e+00
     vertex  4.041680e+01  9.582527e+01  0.000000e+00
     vertex  4.120603e+01  1.003709e+02  0.000000e+00
   endloop
 endfacet
 facet normal  0.000000e+00  0.000000e+00 -1.000000e+00
   outer loop
     vertex  4.246404e+01  9.984516e+01  0.000000e+00
     vertex  4.164721e+01  9.529696e+01  0.000000e+00
     vertex  4.041680e+01  9.582527e+01  0.000000e+00
   endloop
 endfacet
 facet normal  0.000000e+00 -0.000000e+00 -1.000000e+00
   outer loop
     vertex  9.984516e+01  4.246404e+01  0.000000e+00
     vertex  1.003709e+02  4.120603e+01  0.000000e+00
     vertex  9.582527e+01  4.041680e+01  0.000000e+00
   endloop
 endfacet
 facet normal  0.000000e+00  0.000000e+00 -1.000000e+00
   outer loop
     vertex  9.984516e+01  4.246404e+01  0.000000e+00
     vertex  9.582527e+01  4.041680e+01  0.000000e+00
     vertex  9.529696e+01  4.164721e+01  0.000000e+00
   endloop
 endfacet
 facet normal -0.000000e+00  0.000000e+00 -1.000000e+00
   outer loop
     vertex  4.371535e+01  9.930367e+01  0.000000e+00
     vertex  4.164721e+01  9.529696e+01  0.000000e+00
     vertex  4.246404e+01  9.984516e+01  0.000000e+00
   endloop
 endfacet
 facet normal  0.000000e+00  0.000000e+00 -1.000000e+00
   outer loop
     vertex  4.371535e+01  9.930367e+01  0.000000e+00
     vertex  4.287070e+01  9.475285e+01  0.000000e+00
     vertex  4.164721e+01  9.529696e+01  0.000000e+00
   endloop
 endfacet
 facet normal  0.000000e+00  0.000000e+00 -1.000000e+00
   outer loop
     vertex  9.930367e+01  4.371535e+01  0.000000e+00
     vertex  9.529696e+01  4.164721e+01  0.000000e+00
     vertex  9.475285e+01  4.287070e+01  0.000000e+00
   endloop
 endfacet
 facet normal  0.000000e+00 -0.000000e+00 -1.000000e+00
   outer loop
     vertex  9.930367e+01  4.371535e+01  0.000000e+00
     vertex  9.984516e+01  4.246404e+01  0.000000e+00
     vertex  9.529696e+01  4.164721e+01  0.000000e+00
   endloop
 endfacet
 facet normal -0.000000e+00  0.000000e+00 -1.000000e+00
   outer loop
     vertex  4.495975e+01  9.874650e+01  0.000000e+00
     vertex  4.287070e+01  9.475285e+01  0.000000e+00
     vertex  4.371535e+01  9.930367e+01  0.000000e+00
   endloop
 endfacet
 facet normal  0.000000e+00  0.000000e+00 -1.000000e+00
   outer loop
     vertex  4.495975e+01  9.874650e+01  0.000000e+00
     vertex  4.408710e+01  9.419304e+01  0.000000e+00
     vertex  4.287070e+01  9.475285e+01  0.000000e+00
   endloop
 endfacet
 facet normal  0.000000e+00 -0.000000e+00 -1.000000e+00
   outer loop
     vertex  9.874650e+01  4.495975e+01  0.000000e+00
     vertex  9.930367e+01  4.371535e+01  0.000000e+00
     vertex  9.475285e+01  4.287070e+01  0.000000e+00
   endloop
 endfacet
 facet normal  0.000000e+00  0.000000e+00 -1.000000e+00
   outer loop
     vertex  9.874650e+01  4.495975e+01  0.000000e+00
     vertex  9.475285e+01  4.287070e+01  0.000000e+00
     vertex  9.419304e+01  4.408710e+01  0.000000e+00
   endloop
 endfacet
 facet normal -0.000000e+00  0.000000e+00 -1.000000e+00
   outer loop
     vertex  4.619705e+01  9.817374e+01  0.000000e+00
     vertex  4.408710e+01  9.419304e+01  0.000000e+00
     vertex  4.495975e+01  9.874650e+01  0.000000e+00
   endloop
 endfacet
 facet normal  0.000000e+00  0.000000e+00 -1.000000e+00
   outer loop
     vertex  4.619705e+01  9.817374e+01  0.000000e+00
     vertex  4.529618e+01  9.361761e+01  0.000000e+00
     vertex  4.408710e+01  9.419304e+01  0.000000e+00
   endloop
 endfacet
 facet normal  0.000000e+00  0.000000e+00 -1.000000e+00
   outer loop
     vertex  9.817374e+01  4.619705e+01  0.000000e+00
     vertex  9.419304e+01  4.408710e+01  0.000000e+00
     vertex  9.361761e+01  4.529618e+01  0.000000e+00
   endloop
 endfacet
 facet normal  0.000000e+00 -0.000000e+00 -1.000000e+00
   outer loop
     vertex  9.817374e+01  4.619705e+01  0.000000e+00
     vertex  9.874650e+01  4.495975e+01  0.000000e+00
     vertex  9.419304e+01  4.408710e+01  0.000000e+00
   endloop
 endfacet
 facet normal -0.000000e+00  0.000000e+00 -1.000000e+00
   outer loop
     vertex  4.742706e+01  9.758547e+01  0.000000e+00
     vertex  4.529618e+01  9.361761e+01  0.000000e+00
     vertex  4.619705e+01  9.817374e+01  0.000000e+00
   endloop
 endfacet
 facet normal  0.000000e+00  0.000000e+00 -1.000000e+00
   outer loop
     vertex  4.742706e+01  9.758547e+01  0.000000e+00
     vertex  4.649775e+01  9.302666e+01  0.000000e+00
     vertex  4.529618e+01  9.361761e+01  0.000000e+00
   endloop
 endfacet
 facet normal  0.000000e+00  0.000000e+00 -1.000000e+00
   outer loop
     vertex  9.758547e+01  4.742706e+01  0.000000e+00
     vertex  9.361761e+01  4.529618e+01  0.000000e+00
     vertex  9.302666e+01  4.649775e+01  0.000000e+00
   endloop
 endfacet
 facet normal  0.000000e+00 -0.000000e+00 -1.000000e+00
   outer loop
     vertex  9.758547e+01  4.742706e+01  0.000000e+00
     vertex  9.817374e+01  4.619705e+01  0.000000e+00
     vertex  9.361761e+01  4.529618e+01  0.000000e+00
   endloop
 endfacet
 facet normal  0.000000e+00  0.000000e+00 -1.000000e+00
   outer loop
     vertex  4.864958e+01  9.698179e+01  0.000000e+00
     vertex  4.769162e+01  9.242029e+01  0.000000e+00
     vertex  4.649775e+01  9.302666e+01  0.000000e+00
   endloop
 endfacet
 facet normal -0.000000e+00  0.000000e+00 -1.000000e+00
   outer loop
     vertex  4.864958e+01  9.698179e+01  0.000000e+00
     vertex  4.649775e+01  9.302666e+01  0.000000e+00
     vertex  4.742706e+01  9.758547e+01  0.000000e+00
   endloop
 endfacet
 facet normal  0.000000e+00  0.000000e+00 -1.000000e+00
   outer loop
     vertex  9.698179e+01  4.864958e+01  0.000000e+00
     vertex  9.302666e+01  4.649775e+01  0.000000e+00
     vertex  9.242029e+01  4.769162e+01  0.000000e+00
   endloop
 endfacet
 facet normal  0.000000e+00 -0.000000e+00 -1.000000e+00
   outer loop
     vertex  9.698179e+01  4.864958e+01  0.000000e+00
     vertex  9.758547e+01  4.742706e+01  0.000000e+00
     vertex  9.302666e+01  4.649775e+01  0.000000e+00
   endloop
 endfacet
 facet normal -0.000000e+00  0.000000e+00 -1.000000e+00
   outer loop
     vertex  4.986441e+01  9.636280e+01  0.000000e+00
     vertex  4.769162e+01  9.242029e+01  0.000000e+00
     vertex  4.864958e+01  9.698179e+01  0.000000e+00
   endloop
 endfacet
 facet normal  0.000000e+00  0.000000e+00 -1.000000e+00
   outer loop
     vertex  4.986441e+01  9.636280e+01  0.000000e+00
     vertex  4.887758e+01  9.179860e+01  0.000000e+00
     vertex  4.769162e+01  9.242029e+01  0.000000e+00
   endloop
 endfacet
 facet normal  0.000000e+00  0.000000e+00 -1.000000e+00
   outer loop
     vertex  9.636280e+01  4.986441e+01  0.000000e+00
     vertex  9.242029e+01  4.769162e+01  0.000000e+00
     vertex  9.179860e+01  4.887758e+01  0.000000e+00
   endloop
 endfacet
 facet normal  0.000000e+00 -0.000000e+00 -1.000000e+00
   outer loop
     vertex  9.636280e+01  4.986441e+01  0.000000e+00
     vertex  9.698179e+01  4.864958e+01  0.000000e+00
     vertex  9.242029e+01  4.769162e+01  0.000000e+00
   endloop
 endfacet
 facet normal  0.000000e+00  0.000000e+00 -1.000000e+00
   outer loop
     vertex  9.572860e+01  5.107138e+01  0.000000e+00
     vertex  9.179860e+01  4.887758e+01  0.000000e+00
     vertex  9.116169e+01  5.005544e+01  0.000000e+00
   endloop
 endfacet
 facet normal  0.000000e+00 -0.000000e+00 -1.000000e+00
   outer loop
     vertex  9.572860e+01  5.107138e+01  0.000000e+00
     vertex  9.636280e+01  4.986441e+01  0.000000e+00
     vertex  9.179860e+01  4.887758e+01  0.000000e+00
   endloop
 endfacet
 facet normal -0.000000e+00  0.000000e+00 -1.000000e+00
   outer loop
     vertex  5.107138e+01  9.572860e+01  0.000000e+00
     vertex  4.887758e+01  9.179860e+01  0.000000e+00
     vertex  4.986441e+01  9.636280e+01  0.000000e+00
   endloop
 endfacet
 facet normal  0.000000e+00  0.000000e+00 -1.000000e+00
   outer loop
     vertex  5.107138e+01  9.572860e+01  0.000000e+00
     vertex  5.005544e+01  9.116169e+01  0.000000e+00
     vertex  4.887758e+01  9.179860e+01  0.000000e+00
   endloop
 endfacet
 facet normal  0.000000e+00 -0.000000e+00 -1.000000e+00
   outer loop
     vertex  9.507927e+01  5.227027e+01  0.000000e+00
     vertex  9.572860e+01  5.107138e+01  0.000000e+00
     vertex  9.116169e+01  5.005544e+01  0.000000e+00
   endloop
 endfacet
 facet normal  0.000000e+00  0.000000e+00 -1.000000e+00
   outer loop
     vertex  9.507927e+01  5.227027e+01  0.000000e+00
     vertex  9.116169e+01  5.005544e+01  0.000000e+00
     vertex  9.050967e+01  5.122500e+01  0.000000e+00
   endloop
 endfacet
